Sample	Raw_Reads	Reads_After_Trimming	Surviving_Rate_Trimming	Reads_Aligned_to_Host	Alignment_Rate	Non_Host_Reads	Surviving_Rate_Alignment	Mapped_Reads	Raw_Mapping_Ratio
00077E61E1_S689_L002	492351	432868	87.92	247730	57.23	182774	25	55491.5	30.3607187017847
00077E61FF_S250_L001	491423	380047	77.34	247600	65.15	130062	17	39112	30.0718119050914
00077E64B3_S922_L003	1129723	976774	86.46	492098	50.38	478950	65	162832	33.9977033093225
00077E661D_S706_L002	899337	780959	86.84	194927	24.96	584766	80	188512.5	32.2372538759093
00077E6695_S964_L003	958572	809733	84.47	669244	82.65	134680	18	46063.5	34.202182952183
00077E66C2_S1045_L003	404096	346728	85.8	249852	72.06	94508	13	31830	33.6796884919795
00077E66CC_S642_L002	734360	647499	88.17	28943	4.47	618200	85	208256	33.6874797800065
00077E66F5_S122_L001	1353474	1140666	84.28	1094583	95.96	33875	4	6046	17.8479704797048
00077E6728_S366_L001	389139	294833	75.77	123711	41.96	170035	23	55499	32.6397506395742
00077E6783_S823_L003	1491934	1291780	86.58	342838	26.54	944156	129	306307	32.4424141773182
00077E68AC_S413_L002	1126163	939880	83.46	314201	33.43	621037	85	210857.5	33.9524859227389
00077E6957_S304_L001	849059	699698	82.41	122657	17.53	575433	79	176759	30.7175639909425
00077E6962_S418_L002	695153	619467	89.11	608998	98.31	4480	0	548	12.2321428571429
00077E6D3C_S999_L003	820975	706821	86.1	3463	0.49	704263	96	180400	25.6154305990802
00077E756F_S698_L002	873842	779837	89.24	592442	75.97	181659	25	62657	34.4915473497047
00077E7582_S378_L001	740594	619000	83.58	407178	65.78	207996	28	65544	31.5121444643166
00077E7587_S512_L002	81183	74414	91.66	8736	11.74	65703	9	24657	37.5279667595087
00077E7589_S29_L001	252120	208247	82.6	172428	82.8	34174	4	7807	22.8448528120794
00077E75B2_S188_L001	686120	529436	77.16	436414	82.43	88756	12	26497.5	29.8543197079634
00077E75BA_S54_L001	881647	708771	80.39	38486	5.43	670170	92	183498	27.3808138233583
00077E7602_S714_L002	611397	535966	87.66	27334	5.1	508731	70	130658	25.683121335244
00077E7608_S549_L002	710775	628129	88.37	603255	96.04	17625	2	3804.5	21.5858156028369
00077E7614_S365_L001	728139	595816	81.83	333954	56.05	259331	35	83982	32.3840960008638
00077E7616_S74_L001	568262	447207	78.7	422968	94.58	20505	2	5125	24.9939039258717
00077E7628_S69_L001	441584	346777	78.53	204806	59.06	140538	19	42249.5	30.0626876716618
00077E7649_S290_L001	581259	469066	80.7	171725	36.61	295117	40	97015.5	32.8735721764588
00077E764E_S719_L002	856898	758145	88.48	538131	70.98	214475	29	74620.5	34.7921669192214
00077E7664_S423_L002	685469	610052	89	372009	60.98	233263	32	82753.5	35.4764793387721
00077E76B0_S98_L001	739665	609977	82.47	235756	38.65	371775	51	91870	24.7111828390828
00077E76B2_S415_L002	1363461	1213540	89	6067	0.5	1207522	166	426776	35.3431241832447
00077E76DE_S519_L002	946078	839409	88.73	820606	97.76	8031	1	868.5	10.8143444153904
00077E76EC_S187_L001	1199774	1014269	84.54	965178	95.16	38222	5	8810	23.049552613678
00077E76EE_S928_L003	1162010	1034791	89.05	578448	55.9	450414	62	156961	34.848161913262
00077E7703_S551_L002	838180	749491	89.42	667796	89.1	73656	10	24860.5	33.7521722602368
00077E770C_S159_L001	683780	558918	81.74	4583	0.82	554331	76	166967	30.1204514991945
00077E7713_S461_L002	1140543	1005567	88.17	127103	12.64	877223	120	301151	34.3300392260577
00077E7714_S1112_L003	783665	695274	88.72	241538	34.74	449259	61	146230	32.5491531610942
00077E7719_S873_L003	1061709	931079	87.7	470753	50.56	455679	62	156460	34.3355739456942
00077E7728_S46_L001	596330	498437	83.58	476954	95.69	17387	2	4264	24.5240697072525
00077E7729_S100_L001	968455	796596	82.25	748003	93.9	41136	5	9623	23.3931349669389
00077E772F_S1087_L003	864301	751725	86.97	125688	16.72	624698	86	212882	34.0775862896952
00077E7741_S189_L001	1089854	906581	83.18	522643	57.65	379820	52	101864.5	26.8191511768733
00077E7750_S173_L001	478763	390868	81.64	115306	29.5	274828	37	88512.5	32.2065073427744
00077E7777_S1126_L003	972285	844367	86.84	381738	45.21	459107	63	147065.5	32.0329465680114
00077E77DB_S710_L002	914854	807493	88.26	373546	46.26	430167	59	155704	36.1961749739055
00077E77E1_S877_L003	220934	191689	86.76	108131	56.41	82287	11	26588	32.3113006914823
00077E77EC_S1101_L003	714472	622919	87.19	39617	6.36	583030	80	198540	34.0531362022537
00077E77FF_S59_L001	492876	409485	83.08	341715	83.45	63583	8	16066.5	25.2685466240976
00077E7803_S1130_L003	506029	444888	87.92	206783	46.48	235911	32	77121	32.6907181097956
00077E7811_S983_L003	1359197	1201813	88.42	1047259	87.14	144851	19	49580.5	34.2286211348213
00077E782C_S460_L002	1003422	847995	84.51	458002	54.01	383717	52	131193	34.1900410979967
00077E783B_S665_L002	685770	618104	90.13	369688	59.81	244225	33	87305.5	35.7479782987
00077E7878_S231_L001	501241	401433	80.09	237447	59.15	161577	22	53847.5	33.3262159837106
00077E788B_S477_L002	544238	484000	88.93	273169	56.44	208104	28	55156.5	26.5042959289586
00077E78A7_S369_L001	541768	444727	82.09	359784	80.9	81699	11	26060.5	31.8981872483139
00077E78B3_S899_L003	635173	544884	85.79	9644	1.77	535318	73	181927.5	33.9849397927961
00077E78BD_S874_L003	1100109	946552	86.04	108380	11.45	837642	115	238499	28.4726649332292
00077E78CA_S238_L001	661572	532141	80.44	308535	57.98	220981	30	71609	32.4050483978261
00077E78CD_S456_L002	1267125	1123161	88.64	798230	71.07	316462	43	113353.5	35.8189924856697
00077E78D5_S399_L002	875342	764433	87.33	128042	16.75	635799	87	202211.5	31.8043123691607
00077E78F0_S1116_L003	896244	780250	87.06	389656	49.94	387050	53	110635	28.5841622529389
00077E790A_S243_L001	652478	513614	78.72	342375	66.66	168034	23	58287	34.6876227430163
00077E791A_S839_L003	1030251	907348	88.07	756274	83.35	143217	19	45301	31.6310214569499
00077E794B_S538_L002	476373	419174	87.99	351435	83.84	63298	8	13429	21.2155202376062
00077E7951_S709_L002	993950	877405	88.27	246550	28.1	627106	86	209643.5	33.4303132165854
00077E7954_S671_L002	1491366	1340761	89.9	434138	32.38	899018	123	333571.5	37.1039845698306
00077E7959_S322_L001	492867	371073	75.29	364838	98.32	3326	0	786.5	23.6470234515935
00077E795D_S931_L003	1138758	987341	86.7	29324	2.97	957917	131	311351	32.5029203991578
00077E7962_S392_L002	320862	288097	89.79	278359	96.62	7062	0	1935.5	27.4072500708015
00077E796D_S47_L001	796531	662162	83.13	623690	94.19	30863	4	7261.5	23.5281728931083
00077E797F_S174_L001	1353302	1118361	82.64	884288	79.07	225075	30	69810.5	31.0165500388759
00077E7980_S956_L003	810015	696900	86.04	674181	96.74	17895	2	5003.5	27.9603241128807
00077E7983_S1036_L003	691687	605969	87.61	16482	2.72	589367	81	200615	34.0390622481408
00077E7986_S564_L002	1168079	1049306	89.83	903662	86.12	134181	18	43390.5	32.3372906745366
00077E7995_S831_L003	790476	695172	87.94	639419	91.98	50220	6	15772	31.4058144165671
00077E79AC_S745_L002	1095911	985867	89.96	963783	97.76	13051	1	3025.5	23.1821316374224
00077E79B1_S616_L002	618740	547165	88.43	462737	84.57	80203	11	29076.5	36.2536314102964
00077E79BB_S201_L001	494684	392038	79.25	110554	28.2	280878	38	84855.5	30.2108032668988
00077E79BE_S632_L002	315456	282477	89.55	56325	19.94	225440	31	55068.5	24.4271202980837
00077E79CC_S523_L002	188137	167174	88.86	158447	94.78	6571	0	869	13.2247755288388
00077E79CE_S372_L001	611277	489919	80.15	122038	24.91	366485	50	114069.5	31.1252848001965
00077E79DE_S368_L001	1313671	1065656	81.12	628950	59.02	428662	59	136748	31.9011248956054
00077E79EB_S596_L002	577437	509794	88.29	500821	98.24	4225	0	492	11.6449704142012
00077E79EC_S624_L002	1130495	1020223	90.25	380237	37.27	634687	87	222714.5	35.0904461569246
00077E79ED_S746_L002	919503	825506	89.78	557629	67.55	261461	35	89945	34.4009240383843
00077E79EE_S561_L002	993931	891004	89.64	861779	96.72	19849	2	5393.5	27.1726535341831
00077E79F4_S505_L002	708297	634636	89.6	577645	91.02	50110	6	14406	28.7487527439633
00077E79FF_S743_L002	917022	809659	88.29	294553	36.38	511113	70	167569.5	32.7852157937677
00077E7A00_S520_L002	1342194	1204542	89.74	855345	71.01	338588	46	107135	31.6417002374567
00077E7A09_S813_L003	628451	539909	85.91	166345	30.81	371692	51	127689.5	34.353577693359
00077E7A10_S1005_L003	497517	422801	84.98	146669	34.69	274330	37	96680.5	35.2424087777494
00077E7A15_S248_L001	2075769	1764356	85	1269277	71.94	483843	66	117209.5	24.2246968541448
00077E7A17_S209_L001	724619	568395	78.44	218150	38.38	346416	47	117219	33.8376402937509
00077E7A23_S881_L003	1105148	965306	87.35	273567	28.34	687717	94	232982.5	33.8776706116033
00077E7A2E_S556_L002	1393397	1259304	90.38	62713	4.98	1196059	164	266126.5	22.2502819676956
00077E7A3E_S829_L003	480102	414607	86.36	386082	93.12	25200	3	6314.5	25.0575396825397
00077E7A45_S619_L002	757613	667117	88.06	224418	33.64	439461	60	153951.5	35.0318913396183
00077E7A4D_S463_L002	1146551	1020094	88.97	171375	16.8	845769	116	300711.5	35.5548027889412
00077E7A56_S558_L002	1000932	890545	88.97	833817	93.63	48453	6	9115.5	18.8130765896849
00077E7A59_S68_L001	917430	752818	82.06	479695	63.72	268882	37	68298.5	25.4009193623969
00077E7A5C_S157_L001	911183	734395	80.6	266732	36.32	464590	63	149198.5	32.1140145074151
00077E7A61_S56_L001	443099	364562	82.28	13197	3.62	351426	48	105009	29.8808283963053
00077E7A68_S817_L003	1304232	1154112	88.49	1116834	96.77	23801	3	5873	24.6754338053023
00077E7A7B_S149_L001	1044652	866232	82.92	633735	73.16	226477	31	69053	30.4900718395245
00077E7A83_S462_L002	1532981	1360237	88.73	44751	3.29	1314883	181	485628	36.9331720008548
00077E7A97_S278_L001	664098	542952	81.76	414272	76.3	125593	17	36159	28.7906173114744
00077E7A9B_S176_L001	2070373	1772977	85.64	1415012	79.81	343660	47	99051.5	28.8225280800791
00077E7A9C_S500_L002	1003936	888946	88.55	598171	67.29	281130	38	90677	32.2544730195995
00077E7A9F_S749_L002	1005192	885392	88.08	575947	65.05	303511	41	104606.5	34.4654724210984
00077E7AA2_S308_L001	463934	366373	78.97	156844	42.81	207415	28	67088	32.3448159487019
00077E7AAF_S1043_L003	577683	502725	87.02	210893	41.95	289910	39	104005	35.8749267013901
00077E7AB3_S1093_L003	563482	483558	85.82	33752	6.98	449795	61	140793	31.3015929478985
00077E7AB6_S876_L003	745070	651494	87.44	574943	88.25	71734	9	23824.5	33.212284272451
00077E7AB7_S663_L002	998544	885682	88.7	398911	45.04	480549	66	146167.5	30.4167733155204
00077E7AB9_S612_L002	716508	625349	87.28	246012	39.34	376888	51	137015	36.354301543164
00077E7AC1_S722_L002	1468178	1304952	88.88	1283289	98.34	8464	1	1041.5	12.305056710775
00077E7AC4_S49_L001	539697	451321	83.62	402127	89.1	45260	6	12638	27.923110914715
00077E7ACF_S292_L001	531596	424237	79.8	219924	51.84	202327	27	67756.5	33.4886100223895
00077E7AD5_S425_L002	427747	382957	89.53	229697	59.98	149616	20	49712.5	33.226727088012
00077E7ADD_S437_L002	599464	533954	89.07	24882	4.66	508801	70	186943.5	36.7419678813524
00077E7AE4_S682_L002	1043991	904581	86.65	408961	45.21	488302	67	158799	32.5206532023215
00077E7AE5_S409_L002	235040	206961	88.05	72870	35.21	133345	18	45914	34.4324871573737
00077E7AE7_S261_L001	404298	303311	75.02	16591	5.47	286391	39	98211	34.2926279107933
00077E7AEE_S257_L001	839467	664751	79.19	105695	15.9	557012	76	182405	32.7470503328474
00077E7AF1_S1008_L003	1742146	1558282	89.45	668191	42.88	880203	121	280966.5	31.9206478505527
00077E7AF2_S660_L002	1037629	925333	89.18	109559	11.84	814395	112	287945	35.3569213956373
00077E7AFB_S232_L001	2046575	1728614	84.46	962837	55.7	755994	104	184689	24.4299557932999
00077E7B02_S830_L003	547843	467272	85.29	26774	5.73	440294	60	139399	31.6604359814124
00077E7B07_S571_L002	721798	645117	89.38	631053	97.82	6550	0	622	9.49618320610687
00077E7B09_S404_L002	963032	855380	88.82	612109	71.56	236812	32	83575.5	35.2919193284124
00077E7B0A_S653_L002	585472	508455	86.85	167993	33.04	338440	46	124271	36.7187684670843
00077E7B13_S325_L001	458928	351261	76.54	58801	16.74	291372	40	99137	34.0242027373941
00077E7B18_S289_L001	993085	823052	82.88	513584	62.4	302793	41	90270	29.8124461265617
00077E7B21_S150_L001	1066078	880629	82.6	409228	46.47	468370	64	142306	30.3832440164827
00077E7B22_S24_L001	1431119	1174820	82.09	216049	18.39	955682	131	293845	30.7471522954288
00077E7B27_S436_L002	952216	841293	88.35	496446	59.01	339099	46	111581	32.9051397969325
00077E7B2B_S724_L002	1589158	1396612	87.88	37568	2.69	1358324	186	509790.5	37.5308468377206
00077E7B30_S508_L002	779699	688866	88.35	672539	97.63	7591	1	1060.5	13.9704913713608
00077E7B33_S673_L002	966108	841183	87.07	192715	22.91	645631	88	233516.5	36.1687248598658
00077E7B37_S208_L001	2743245	2342777	85.4	1676022	71.54	651610	89	192797.5	29.5878669756449
00077E7B3B_S610_L002	603346	531258	88.05	206499	38.87	322592	44	99023	30.6960494990576
00077E7B3C_S825_L003	974260	859956	88.27	815926	94.88	33091	4	8432	25.4812486778882
00077E7B3D_S55_L001	533677	441855	82.79	330286	74.75	108348	14	30935	28.5515191789419
00077E7B3F_S285_L001	1075139	890647	82.84	577495	64.84	307632	42	97390.5	31.6581174910282
00077E7B48_S348_L001	979088	780738	79.74	214156	27.43	564447	77	181737.5	32.1974428068534
00077E7B4D_S142_L001	1636236	1364109	83.37	1329051	97.43	22844	3	3720	16.2843635090177
00077E7B4E_S707_L002	88893	78816	88.66	1000	1.27	77826	10	28273	36.3284763446663
00077E7B4F_S816_L003	1655360	1477937	89.28	1334577	90.3	131574	18	33311	25.3173119309286
00077E7B51_S981_L003	1042972	921458	88.35	354577	38.48	565680	77	182896	32.3320605289209
00077E7B53_S440_L002	218608	193602	88.56	175345	90.57	16797	2	5725.5	34.0864440078585
00077E7B54_S498_L002	950763	848695	89.26	599008	70.58	240818	33	66604.5	27.6576086505162
00077E7B5E_S726_L002	613299	536326	87.45	191361	35.68	343596	47	126364	36.7769124204007
00077E7B63_S125_L001	435966	359558	82.47	97080	27	261558	36	82647	31.5979629757071
00077E7B65_S402_L002	619142	549867	88.81	352574	64.12	194143	26	69414	35.7540575761166
00077E7B6A_S1129_L003	1473401	1276109	86.61	174699	13.69	1099571	151	365883.5	33.275113657963
00077E7B6D_S786_L003	1438940	1258578	87.47	1226610	97.46	15687	2	1646	10.4927647096322
00077E7B7D_S738_L002	644970	564213	87.48	316184	56.04	244185	33	83662.5	34.2619325511395
00077E7B82_S546_L002	845449	751717	88.91	14733	1.96	736909	101	248994	33.7889753008852
00077E7B8B_S103_L001	848729	692296	81.57	670904	96.91	15440	2	3803.5	24.634067357513
00077E7B8C_S938_L003	829629	715996	86.3	106110	14.82	608098	83	211001	34.6985189887156
00077E7B8D_S955_L003	663965	583598	87.9	476391	81.63	102319	14	32918	32.1719328765918
00077E7B8F_S123_L001	825451	663076	80.33	64450	9.72	597978	82	210258	35.1614942355739
00077E7B94_S105_L001	849856	701360	82.53	674918	96.23	19497	2	3424.5	17.5642406524081
00077E7B97_S501_L002	1527397	1362871	89.23	892953	65.52	454103	62	147301	32.4377949496039
00077E7B9C_S774_L003	1744492	1526878	87.53	1198904	78.52	318101	43	95714	30.0891855102625
00077E7BA2_S337_L001	503623	393924	78.22	19105	4.85	374538	51	122406.5	32.6819975543203
00077E7BAB_S275_L001	619237	505232	81.59	369425	73.12	132522	18	42778	32.2799233334842
00077E7BAF_S988_L003	922812	814789	88.29	446015	54.74	363706	50	112770.5	31.0059498606017
00077E7BB4_S422_L002	1228762	1093085	88.96	428052	39.16	659785	90	213942	32.4260175663284
00077E7BBE_S87_L001	666585	556532	83.49	143863	25.85	411197	56	124509	30.2796469818603
00077E7BC8_S805_L003	568250	495596	87.21	404852	81.69	86483	11	27018.5	31.2414000439393
00077E7BCA_S791_L003	870583	763733	87.73	749680	98.16	6638	0	397	5.98071708345887
00077E7BCC_S426_L002	991875	880840	88.81	362729	41.18	513163	70	179070.5	34.8954425786738
00077E7BD1_S1060_L003	359708	290486	80.76	10486	3.61	279908	38	90733	32.4152935964674
00077E7BD4_S234_L001	665181	535114	80.45	331931	62.03	201434	27	50557.5	25.0987916637708
00077E7BD6_S441_L002	681833	602608	88.38	323660	53.71	275514	37	100733	36.5618444071808
00077E7BEB_S1074_L003	1580185	1386419	87.74	316935	22.86	1066115	146	326826.5	30.655839191832
00077E7BF7_S284_L001	591281	483731	81.81	90602	18.73	392065	53	128717.5	32.8306530804841
00077E7BFE_S1040_L003	1999199	1772227	88.65	1728984	97.56	21907	3	1794	8.18916328114301
00077E7C03_S197_L001	1659763	1399974	84.35	531570	37.97	860249	118	275811.5	32.0618216353637
00077E7C08_S58_L001	412601	333714	80.88	286059	85.72	45171	6	14245.5	31.5368267251112
00077E7C0D_S26_L001	714203	600151	84.03	465237	77.52	129654	17	38716	29.8610147006648
00077E7C11_S654_L002	1306570	1163759	89.07	356226	30.61	802310	110	245740	30.6290585933118
00077E7C1E_S622_L002	710404	621325	87.46	236538	38.07	381644	52	138782	36.3642556937879
00077E7C26_S298_L001	569772	459353	80.62	114930	25.02	342682	47	116153.5	33.8954190765783
00077E7C27_S668_L002	870713	784369	90.08	574550	73.25	204169	28	72739.5	35.6271030371898
00077E7C2C_S60_L001	1220700	1019900	83.55	985529	96.63	21874	3	2806.5	12.8303008137515
00077E7C2E_S121_L001	1328785	1034013	77.82	927509	89.7	97021	13	32605	33.606126508694
00077E7C34_S28_L001	657536	549375	83.55	489657	89.13	53073	7	11020	20.7638535601907
00077E7C37_S878_L003	204566	179554	87.77	161365	89.87	16801	2	4594	27.343610499375
00077E7C42_S702_L002	1112587	981497	88.22	218677	22.28	758527	104	226046.5	29.8007190251632
00077E7C43_S411_L002	814765	721697	88.58	126585	17.54	593743	81	201272	33.898841754766
00077E7C47_S389_L002	818646	716651	87.54	287592	40.13	425859	58	145600	34.1897200716669
00077E7C4F_S118_L001	504788	387760	76.82	25010	6.45	362361	49	116776	32.2264261330552
00077E7C50_S582_L002	946520	842587	89.02	553411	65.68	282141	38	97731.5	34.6392406633563
00077E7C54_S15_L001	823320	670663	81.46	520434	77.6	143328	19	42077.5	29.3574877204733
00077E7C58_S396_L002	1211135	1083131	89.43	264392	24.41	814580	112	298256	36.6146971445407
00077E7C5B_S1009_L003	1377868	1227566	89.09	646559	52.67	574935	79	90013	15.6562046144347
00077E7C66_S807_L003	866035	759794	87.73	611102	80.43	142906	19	45238.5	31.6561236057268
00077E7C73_S916_L003	544300	457623	84.08	333927	72.97	120845	16	38221.5	31.6285324175597
00077E7C7A_S1058_L003	942114	782742	83.08	681298	87.04	96615	13	32733.5	33.880349842157
00077E7C80_S102_L001	901115	752444	83.5	639953	85.05	105863	14	28510	26.9310335055685
00077E7C82_S161_L001	610451	505043	82.73	418529	82.87	82217	11	22908	27.8628507486286
00077E7C8D_S1103_L003	1310183	1153360	88.03	50632	4.39	1103414	151	293279.5	26.5792803063945
00077E7C92_S124_L001	743859	600269	80.7	342153	57	256154	35	46149	18.0161153056365
00077E7C95_S618_L002	568737	496912	87.37	141619	28.5	353383	48	116484	32.9625363981855
00077E7C9B_S199_L001	940147	772733	82.19	319061	41.29	450465	62	119354	26.4957321878503
00077E7C9F_S203_L001	662321	534270	80.67	280438	52.49	251574	34	55501.5	22.0616995396981
00077E7CA2_S602_L002	722464	633884	87.74	280303	44.22	349848	48	111881	31.9798884086803
00077E7CA3_S244_L001	867427	698672	80.55	503952	72.13	191504	26	61893.5	32.31969045033
00077E7CA6_S386_L002	1356355	1231832	90.82	1206702	97.96	14348	1	2688.5	18.7378031781433
00077E7CA7_S614_L002	1052082	938289	89.18	13417	1.43	924627	127	336296	36.3709906805663
00077E7CA8_S1078_L003	202571	175330	86.55	104935	59.85	69449	9	18746	26.9924692940143
00077E7CA9_S705_L002	400132	353537	88.36	302839	85.66	47835	6	15418.5	32.2326748196927
00077E7CBA_S593_L002	669484	592369	88.48	11847	2	580432	79	207418	35.7351076439617
00077E7CBC_S227_L001	710723	561863	79.06	258232	45.96	301078	41	91952	30.540922950199
00077E7CC3_S344_L001	1327376	1101393	82.98	863712	78.42	230370	31	64208.5	27.8719017233147
00077E7CC6_S615_L002	1661622	1488668	89.59	1460383	98.1	14547	2	2371.5	16.3023303773974
00077E7CCA_S503_L002	1073767	964079	89.78	906812	94.06	44864	6	12255	27.3158880171184
00077E7CCE_S328_L001	2016776	1703919	84.49	498566	29.26	1200638	165	366548	30.5294351836274
00077E7CD0_S629_L002	1030514	909592	88.27	17009	1.87	892247	122	328858	36.8572827927693
00077E7CD1_S1127_L003	1311267	1162545	88.66	755305	64.97	401054	55	123656	30.8327556887601
00077E7CD9_S202_L001	645619	524967	81.31	74650	14.22	449494	61	153067	34.0531797977281
00077E7CDC_S326_L001	974474	789744	81.04	279490	35.39	506632	69	158349.5	31.2553293120056
00077E7CE0_S747_L002	1217774	1084792	89.08	688517	63.47	387464	53	137542	35.4980075568311
00077E7CE3_S870_L003	741027	632390	85.34	530701	83.92	97133	13	33972.5	34.9752401346607
00077E7CE6_S672_L002	763138	686150	89.91	381430	55.59	300034	41	94747	31.5787544078338
00077E7CE7_S821_L003	1245892	1084377	87.04	1045122	96.38	28912	3	7605	26.3039568345324
00077E7CF2_S810_L003	954049	819528	85.9	507943	61.98	305577	42	95811	31.3541267831021
00077E7D01_S1083_L003	921043	808173	87.75	773179	95.67	27134	3	5547	20.4429866588045
00077E7D06_S449_L002	210809	185934	88.2	76697	41.25	108652	14	36576.5	33.6638994220079
00077E7D08_S276_L001	666670	537265	80.59	177136	32.97	358957	49	119165	33.1975696253312
00077E7D09_S391_L002	918519	790967	86.11	769215	97.25	15926	2	4399.5	27.6246389551677
00077E7D0B_S305_L001	699804	545958	78.02	376765	69.01	165670	22	53207.5	32.1165570109253
00077E7D0E_S923_L003	635290	555651	87.46	546482	98.35	4703	0	688.5	14.6395917499468
00077E7D13_S827_L003	1088467	955755	87.81	489633	51.23	462657	63	159156.5	34.4005386279685
00077E7D16_S259_L001	604433	462574	76.53	180635	39.05	279963	38	79910.5	28.5432360704807
00077E7D1A_S42_L001	295989	243290	82.2	215579	88.61	25096	3	6493.5	25.8746413771119
00077E7D1E_S1081_L003	1119062	982238	87.77	8545	0.87	973890	134	326684.5	33.5442914497531
00077E7D23_S219_L001	800544	655715	81.91	387593	59.11	264630	36	85831	32.434342289234
00077E7D25_S820_L003	781143	678485	86.86	545027	80.33	128735	17	42045.5	32.6605041364042
00077E7D26_S192_L001	1798482	1523395	84.7	218911	14.37	1302670	179	397523	30.5160171033339
00077E7D28_S215_L001	987128	807125	81.76	42374	5.25	764147	105	258090.5	33.7749804684177
00077E8119_S1061_L003	1610756	1422689	88.32	805668	56.63	612255	84	221131	36.1174673951213
00077E8133_S1018_L003	536598	466074	86.86	13655	2.93	452311	62	158301.5	34.9983750118834
00077E813A_S1042_L003	525705	458825	87.28	305072	66.49	150742	20	50392.5	33.429634740152
00077E8143_S246_L001	772178	624389	80.86	239578	38.37	383127	52	114377	29.8535472571758
00077E8146_S474_L002	1312237	1184768	90.29	108643	9.17	1075395	148	371245.5	34.5217803690737
00077E814D_S982_L003	517388	452206	87.4	200236	44.28	250117	34	82863	33.1296953025984
00077E8151_S1020_L003	605639	493942	81.56	75227	15.23	418785	57	140840.5	33.630741311174
00077E8160_S643_L002	527024	465141	88.26	7163	1.54	458210	63	122896	26.8208899849414
00077E8166_S476_L002	1081074	966626	89.41	612744	63.39	347077	47	123881	35.6926560964858
00077E816A_S471_L002	1068060	950208	88.97	759216	79.9	184736	25	66110	35.7862030140308
00077E816B_S518_L002	1350008	1204861	89.25	1089194	90.4	101515	13	26989	26.5862187854012
00077E8185_S688_L002	783566	708264	90.39	578085	81.62	123049	16	40785	33.1453323472763
00077E8189_S712_L002	903015	806894	89.36	326953	40.52	474831	65	165212.5	34.7939582714692
00077E8197_S136_L001	1224458	1025878	83.78	645892	62.96	372945	51	112308.5	30.113957822199
00077E819A_S879_L003	944138	824161	87.29	121646	14.76	701578	96	252342	35.967775500372
00077E819C_S1142_L003	898459	779727	86.78	147212	18.88	632307	87	223223	35.3029461954399
00077E81A5_S1096_L003	2076931	1860207	89.57	94126	5.06	1766433	243	500105.5	28.311603100712
00077E81AD_S135_L001	612850	486755	79.42	442654	90.94	40355	5	11987	29.7038780820221
00077E81B2_S43_L001	418875	334363	79.82	189985	56.82	142531	19	41938	29.4237744771313
00077E81C2_S875_L003	519694	452326	87.04	173693	38.4	276290	38	80671	29.1979441890767
00077E81CD_S228_L001	693472	547426	78.94	91912	16.79	456187	62	124017	27.1855620611723
00077E81E0_S1114_L003	1060171	922584	87.02	186361	20.2	734196	101	247887.5	33.7631231987099
00077E81ED_S1011_L003	722149	604980	83.77	28615	4.73	576073	79	199938	34.7070596955594
00077E8212_S379_L001	902149	746198	82.71	609494	81.68	130519	17	39908	30.5763911767635
00077E8214_S1059_L003	1097549	966704	88.08	646821	66.91	315756	43	80670	25.5482081100597
00077E8217_S1094_L003	854994	756571	88.49	393341	51.99	360422	49	117419.5	32.5783387251611
00077E8226_S967_L003	1083564	959354	88.54	820055	85.48	131586	18	43271	32.884197407019
00077E8239_S919_L003	894358	769564	86.05	26473	3.44	742699	102	263496.5	35.4782354628187
00077E8246_S727_L002	1712497	1521777	88.86	614493	40.38	898044	123	309406	34.4533229997639
00077E8248_S892_L003	545857	474716	86.97	372604	78.49	99063	13	31336.5	31.6329002755822
00077E825A_S464_L002	370295	323981	87.49	39979	12.34	283412	39	102202.5	36.0614582304207
00077E8265_S120_L001	1950302	1637068	83.94	1418846	86.67	198572	27	53291	26.8371170154906
00077E8268_S151_L001	1779713	1485555	83.47	1453318	97.83	18936	2	1816.5	9.59283903675539
00077E827C_S977_L003	602085	490429	81.46	26875	5.48	463069	63	158318.5	34.1889653593741
00077E827E_S454_L002	1136705	1016141	89.39	1004048	98.81	4355	0	294.5	6.76234213547646
00077E8289_S891_L003	734426	634340	86.37	360241	56.79	270335	37	93671	34.649971331866
00077E8293_S641_L002	623839	546879	87.66	44133	8.07	502062	69	190210	37.8857591293506
00077E829C_S584_L002	26278	23615	89.87	14277	60.46	9240	1	3150.5	34.0963203463203
00077E82A3_S656_L002	1182229	1061145	89.76	566651	53.4	486413	66	169911	34.9314265860493
00077E82A5_S1102_L003	1055684	929458	88.04	97686	10.51	831482	114	254757	30.6389073966724
00077E82B6_S235_L001	594784	484858	81.52	217749	44.91	265065	36	71998.5	27.1625827627186
00077E82B7_S158_L001	912559	767450	84.1	625395	81.49	136143	18	40652.5	29.8601470512623
00077E82B9_S750_L002	1233076	1090674	88.45	323493	29.66	763400	105	254885.5	33.388197537333
00077E82BD_S432_L002	930124	829820	89.22	448600	54.06	376710	51	125345.5	33.2737384194739
00077E82C3_S838_L003	524119	461455	88.04	421908	91.43	35903	4	10965.5	30.5420159875219
00077E82C8_S429_L002	848090	751260	88.58	24941	3.32	726005	99	269477.5	37.1178573150323
00077E82C9_S866_L003	1402562	1224651	87.32	735402	60.05	484548	66	158889	32.7911785829268
00077E82CF_S1133_L003	619289	536804	86.68	5099	0.95	531633	73	188360	35.4304567248459
00077E82D0_S937_L003	1454405	1277313	87.82	288545	22.59	984319	135	306767	31.1654047112775
00077E82F0_S262_L001	679888	545941	80.3	247420	45.32	296383	40	95661	32.2761426937442
00077E82F2_S1143_L003	1685075	1495075	88.72	1407015	94.11	75143	10	22953.5	30.5464248166829
00077E82F9_S1108_L003	819040	698445	85.28	356206	51	339390	46	123062	36.2597601579304
00077E82FE_S473_L002	1375023	1249019	90.84	82060	6.57	1166134	160	425464.5	36.4850437428289
00077E8304_S127_L001	794590	661382	83.24	555693	84.02	99916	13	29190.5	29.2150406341327
00077E830A_S1037_L003	532473	466599	87.63	184306	39.5	280422	38	86994.5	31.0227086319904
00077E830E_S237_L001	411491	314127	76.34	19161	6.1	294548	40	102191	34.6941754824341
00077E8320_S475_L002	1133348	1010223	89.14	857982	84.93	144257	19	52217.5	36.197550205536
00077E8324_S677_L002	1913238	1721333	89.97	1659709	96.42	46658	6	9497	20.354494406104
00077E8325_S104_L001	497538	404797	81.36	373344	92.23	28128	3	8796	31.2713310580205
00077E8326_S936_L003	1301325	1147240	88.16	906893	79.05	231697	31	81639.5	35.235458378831
00077E8330_S408_L002	405089	361151	89.15	87434	24.21	272685	37	83930	30.779104094468
00077E8332_S1122_L003	510953	441157	86.34	9484	2.15	431627	59	149336	34.598391666879
00077E8337_S905_L003	1459736	1293231	88.59	388615	30.05	903235	124	341891.5	37.8518879361406
00077E833C_S515_L002	1043087	921566	88.35	278865	30.26	638517	87	221432.5	34.6791863020092
00077E833F_S472_L002	1128106	1015586	90.03	44584	4.39	970577	133	352030.5	36.2702289462866
00077E8342_S1124_L003	572486	494595	86.39	239037	48.33	253939	34	83042.5	32.7017512079673
00077E835C_S917_L003	406762	340363	83.68	205919	60.5	132263	18	44988.5	34.0144258031347
00077E8376_S581_L002	677179	599403	88.51	427374	71.3	167749	23	57533	34.297074796273
00077E8381_S966_L003	696624	609580	87.5	582880	95.62	21532	2	6578.5	30.5522013746981
00077E838B_S160_L001	1563546	1308036	83.66	1270233	97.11	25740	3	4507.5	17.511655011655
00077E838D_S559_L002	1822207	1645027	90.28	17108	1.04	1627834	224	532620.5	32.7195832007441
00077E838E_S443_L002	995833	886895	89.06	486727	54.88	395605	54	129843.5	32.8215012449287
00077E8390_S45_L001	1045796	874915	83.66	720579	82.36	139691	19	37345.5	26.7343637027439
00077E839E_S450_L002	1323267	1194503	90.27	40732	3.41	1153431	158	351961	30.5142656994653
00077E83A6_S288_L001	2950665	2468898	83.67	1899570	76.94	550176	75	157988.5	28.7159927005177
00077E83B0_S101_L001	634463	515801	81.3	181510	35.19	331963	45	106516	32.0867084584728
00077E83B2_S204_L001	631094	494374	78.34	212778	43.04	279508	38	86255	30.8595818366558
00077E83B3_S736_L002	1185164	1067114	90.04	832669	78.03	225083	30	78216	34.7498478339102
00077E83B4_S684_L002	1008062	900642	89.34	869029	96.49	22937	3	6576	28.6698347647905
00077E83BD_S552_L002	1104502	984343	89.12	879412	89.34	94820	13	26975.5	28.4491668424383
00077E83CF_S906_L003	844190	729048	86.36	450989	61.86	273242	37	90994.5	33.3017984058088
00077E83D6_S1019_L003	442124	380134	85.98	324634	85.4	53212	7	18366.5	34.5157107419379
00077E83D7_S295_L001	648652	536080	82.65	376006	70.14	156885	21	45357.5	28.9113044586799
00077E83DB_S469_L002	980523	876267	89.37	339202	38.71	533967	73	191946.5	35.947258913004
00077E83DD_S944_L003	1332569	1187306	89.1	89285	7.52	1097707	151	326942	29.7840862816763
00077E83E3_S171_L001	712200	581585	81.66	402805	69.26	175145	24	56908.5	32.492220731394
00077E83E4_S190_L001	1547969	1313347	84.84	1287080	98	14571	2	1273.5	8.73996294008647
00077E83EC_S1012_L003	498594	418261	83.89	166844	39.89	249951	34	81260	32.5103720329185
00077E83F3_S557_L002	1073359	954696	88.94	872496	91.39	70143	9	16832	23.9966924710948
00077E83FD_S502_L002	650004	576625	88.71	521326	90.41	48854	6	15033.5	30.7723011421787
00077E840C_S645_L002	1002396	890836	88.87	307872	34.56	578519	79	205397	35.5039333193897
00077E841C_S281_L001	844395	708651	83.92	453961	64.06	250785	34	76236.5	30.3991466794266
00077E8426_S1076_L003	998265	857139	85.86	497826	58.08	353939	48	124605.5	35.2053602456921
00077E842A_S254_L001	938959	730121	77.76	31322	4.29	698404	96	237473.5	34.0023109833277
00077E8432_S51_L001	653809	528750	80.87	313601	59.31	212871	29	50860	23.8924043199872
00077E843B_S1100_L003	20124	17330	86.12	4218	24.34	13074	1	4437	33.9375860486462
00077E8442_S634_L002	838572	710324	84.71	82539	11.62	625878	86	224922.5	35.9371155400893
00077E844D_S252_L001	449454	352375	78.4	212341	60.26	138356	19	45782	33.0899997108907
00077E845A_S942_L003	428473	371379	86.68	165932	44.68	203916	28	70704.5	34.6733458875223
00077E845F_S886_L003	421125	373362	88.66	176077	47.16	195839	26	54823	27.9939133676132
00077E8463_S1090_L003	500705	435261	86.93	261200	60.01	171948	23	49406.5	28.73339614302
00077E8469_S867_L003	849830	741289	87.23	282431	38.1	454500	62	152426	33.5370737073707
00077E846F_S888_L003	1147660	1013855	88.34	694693	68.52	312649	43	84118	26.9049317285518
00077E8479_S880_L003	1467256	1299726	88.58	103848	7.99	1194743	164	388069	32.4813788404703
00077E847A_S283_L001	855330	705684	82.5	523264	74.15	177604	24	45627	25.6902997680232
00077E847F_S294_L001	910791	761016	83.56	608127	79.91	147080	20	46083.5	31.3322681533859
00077E848B_S457_L002	1329592	1193357	89.75	15513	1.3	1177662	162	418855.5	35.5666991038176
00077E849B_S1038_L003	297592	256563	86.21	165200	64.39	89544	12	28012.5	31.2835030822836
00077E84A1_S291_L001	393627	313702	79.7	57752	18.41	255068	35	88548	34.7154484294384
00077E84A8_S166_L001	650185	539031	82.9	401470	74.48	133895	18	41994.5	31.3637551812988
00077E84A9_S1086_L003	1472417	1294824	87.94	97759	7.55	1195896	164	418162.5	34.9664602942062
00077E84C5_S112_L001	1240932	1047878	84.44	907671	86.62	130978	18	36725.5	28.0394417383072
00077E84C9_S1110_L003	757474	658792	86.97	582899	88.48	70791	9	22047.5	31.1444957692362
00077E84CC_S138_L001	710917	582428	81.93	234485	40.26	345838	47	83412.5	24.1189516478814
00077E84D7_S1147_L003	739441	643195	86.98	477765	74.28	161622	22	54283	33.586392941555
00077E84E5_S37_L001	676052	544055	80.48	439814	80.84	99586	13	29325.5	29.4474122868676
00077E84E8_S935_L003	870431	765456	87.94	526097	68.73	234554	32	77964	33.2392540736888
00077E84EA_S212_L001	962944	748176	77.7	320668	42.86	421040	57	131596.5	31.2551064031921
00077E89E5_S1001_L003	1166559	1026928	88.03	434390	42.3	587078	80	188658.5	32.13516772899
00077E8AE5_S991_L003	1228858	1089007	88.62	623129	57.22	460039	63	125166.5	27.2078019472262
00077E8B1F_S715_L002	999680	884910	88.52	18140	2.05	866608	119	311400.5	35.9332593283238
00077E8B31_S1014_L003	1126851	988651	87.74	627200	63.44	354389	48	114080.5	32.1907564851054
00077E8B63_S1097_L003	1039817	889230	85.52	353380	39.74	530802	73	177673.5	33.4726508189494
00077E8B85_S497_L002	1626675	1463493	89.97	1289630	88.12	157881	21	51258.5	32.4665412557559
00077E8B8F_S1109_L003	901308	785103	87.11	263166	33.52	519325	71	181183.5	34.8882684253598
00077E8C52_S885_L003	592968	516033	87.03	503493	97.57	8099	1	1671.5	20.6383504136313
00077E8C7C_S968_L003	772702	688095	89.05	477262	69.36	204872	28	62748.5	30.6281483072357
00077E8C96_S1000_L003	1202963	1073645	89.25	509551	47.46	557267	76	166976	29.9633748275064
00077E8CAF_S1052_L003	366714	317412	86.56	284051	89.49	30612	4	9926.5	32.4268260812753
00077E8CE0_S1149_L003	973257	862847	88.66	523489	60.67	332845	45	108057	32.4646607279665
00077E8CE3_S307_L001	578447	460465	79.6	327068	71.03	130228	17	38755.5	29.7597290905182
00077E8CE7_S424_L002	853224	767477	89.95	155951	20.32	609135	83	176782.5	29.0218916988845
00077E8CE8_S640_L002	625356	557224	89.11	46583	8.36	509933	70	170042.5	33.3460474219162
00077E8CFA_S507_L002	1224831	1054482	86.09	921300	87.37	121569	16	35790	29.4400710707499
00077E8D06_S319_L001	552233	433986	78.59	320021	73.74	110524	15	34518	31.2312257971119
00077E8D0C_S347_L001	687564	559244	81.34	365018	65.27	190442	26	57229.5	30.0508816332532
00077E8D24_S1006_L003	531412	454387	85.51	18857	4.15	435443	59	147171.5	33.7981090521607
00077E8D3B_S205_L001	460318	377822	82.08	177122	46.88	199351	27	66257.5	33.2366027760081
00077E8D3F_S314_L001	308743	241236	78.13	116203	48.17	124388	17	38384.5	30.858684117439
00077E8D4E_S741_L002	1126623	997713	88.56	399783	40.07	592098	81	192063	32.437704569176
00077E8D58_S896_L003	1276486	1135395	88.95	461197	40.62	669034	92	223673.5	33.4323068782752
00077E8D5F_S451_L002	436230	381074	87.36	256234	67.24	122486	16	43076.5	35.168509054096
00077E8D6F_S887_L003	267473	234825	87.79	227968	97.08	4652	0	961	20.6577815993121
00077E8D70_S1082_L003	1292637	1142084	88.35	402356	35.23	733549	100	248766	33.9126629577574
00077E8D72_S306_L001	577369	408814	70.81	33400	8.17	374821	51	114894.5	30.6531651108129
00077E8D74_S666_L002	1025963	914418	89.13	87875	9.61	825727	113	271456	32.8747879141653
00077E8D85_S76_L001	474059	393989	83.11	355732	90.29	34443	4	9599	27.8692332259095
00077E8D87_S1065_L003	1272255	1116302	87.74	58382	5.23	1057048	145	369761.5	34.9805779869978
00077E8D88_S115_L001	1207002	998153	82.7	887358	88.9	100427	13	28739.5	28.6173041114441
00077E8D8A_S527_L002	1457683	1304511	89.49	1188409	91.1	103057	14	25900	25.1317232211301
00077E8D9E_S452_L002	89403	78893	88.24	5072	6.43	73755	10	26954.5	36.5459968815674
00077E8DA6_S296_L001	486294	403611	83	182109	45.12	219837	30	70244.5	31.952992444402
00077E8DC2_S83_L001	584677	481830	82.41	420059	87.18	57519	7	15424	26.8154870564509
00077E8DCB_S872_L003	709929	628403	88.52	552303	87.89	71797	9	22342	31.1182918506344
00077E8DD5_S1048_L003	1244552	1095758	88.04	825434	75.33	263817	36	75646	28.6736639412926
00077E8DD7_S351_L001	443604	355960	80.24	167585	47.08	187133	25	63384	33.871097027248
00077E8DE3_S247_L001	767058	618048	80.57	224660	36.35	391887	53	131548	33.5678397088957
00077E8DFD_S789_L003	813031	683732	84.1	401760	58.76	277081	38	90185.5	32.5484244679354
00077E8E04_S211_L001	833741	651499	78.14	287832	44.18	358478	49	106678.5	29.7587299639029
00077E8E05_S883_L003	981182	823104	83.89	489664	59.49	326890	45	103674	31.7152558964789
00077E8E18_S570_L002	848213	761684	89.8	655124	86.01	99571	13	28348.5	28.470639041488
00077E8E30_S79_L001	309733	258156	83.35	207970	80.56	48237	6	14993.5	31.0829860895163
00077E8E31_S598_L002	879508	782228	88.94	411843	52.65	365985	50	130935	35.7760563957539
00077E8E3A_S226_L001	549034	421797	76.83	265394	62.92	154029	21	49045.5	31.8417311025846
00077E8E69_S494_L002	1385879	1205802	87.01	623399	51.7	576322	79	156888	27.2222819881941
00077E8E6C_S925_L003	374796	324434	86.56	237323	73.15	84867	11	26956	31.7626403666914
00077E8E7B_S997_L003	454011	380797	83.87	241996	63.55	136789	18	46192.5	33.7691627250729
00077E8E82_S975_L003	1247197	1102611	88.41	911197	82.64	183707	25	61616	33.5403659087569
00077E8E91_S713_L002	671107	596112	88.83	115884	19.44	478929	65	174713.5	36.4800419268827
00077E8E96_S1022_L003	653847	573368	87.69	562646	98.13	5099	0	357.5	7.01117866248284
00077E8E9B_S893_L003	552035	475820	86.19	397404	83.52	74622	10	23848.5	31.9590737316073
00077E8E9E_S826_L003	985754	858369	87.08	819227	95.44	29922	4	4795.5	16.0266693402847
00077E8EB3_S191_L001	2037150	1726727	84.76	547545	31.71	1173075	161	348961.5	29.7475864714532
00077E8EC4_S133_L001	465216	367253	78.94	17150	4.67	349845	48	116373.5	33.264302762652
00077E8ED4_S356_L001	673886	533956	79.24	320426	60.01	211696	29	67298.5	31.7901613634646
00077E8ED9_S35_L001	360978	295364	81.82	258354	87.47	34479	4	8214.5	23.8246468865106
00077E8EE2_S330_L001	606856	471435	77.68	360600	76.49	107900	14	37468	34.7247451343837
00077E8EE3_S973_L003	1234078	1085869	87.99	23237	2.14	1062427	146	362348.5	34.1057314996701
00077E8EE7_S466_L002	925994	822115	88.78	166313	20.23	654808	90	234087	35.7489523646626
00077E8F40_S286_L001	794150	642287	80.88	100261	15.61	541464	74	172343	31.8290782027983
00077E8F7A_S1044_L003	1510926	1342172	88.83	431508	32.15	907907	124	312467.5	34.4162452762232
00077E8F97_S961_L003	815238	703260	86.26	115053	16.36	586700	80	203247.5	34.6424919038691
00077E8FB1_S1141_L003	695817	606432	87.15	53911	8.89	551878	75	184593.5	33.4482439959556
00077E8FB9_S897_L003	1053363	914688	86.84	296724	32.44	613596	84	196384.5	32.0055052510121
00077E8FC3_S1077_L003	595970	520992	87.42	327026	62.77	190938	26	65824	34.4740177439797
00077E8FCC_S1152_L003	1900012	1672190	88.01	1217354	72.8	437923	60	130841.5	29.8777410640683
00077E8FF2_S36_L001	856461	713621	83.32	569683	79.83	137763	18	39805	28.8938249021871
00077E9015_S1071_L003	1193290	1020514	85.52	251250	24.62	768088	105	271793.5	35.3857240316214
00077E9019_S421_L002	1024041	907506	88.62	522904	57.62	377998	52	132247.5	34.9862962237895
00077E901A_S890_L003	1329907	1160708	87.28	16133	1.39	1144440	157	411463	35.9532172940477
00077E9021_S681_L002	974333	859283	88.19	178301	20.75	676271	93	235321.5	34.7969231269713
00077E904C_S915_L003	1497936	1320768	88.17	48472	3.67	1271773	175	456560.5	35.8995276672802
00077E9056_S14_L001	485800	404688	83.3	138484	34.22	264583	36	85994.5	32.5018992149911
00077E9099_S907_L003	954424	831631	87.13	706221	84.92	119689	16	40391.5	33.7470444234641
00077E90A3_S972_L003	202668	172930	85.33	140021	80.97	31555	4	11279	35.7439391538583
00077E90AD_S1128_L003	1809375	1601173	88.49	1102887	68.88	484082	66	147357.5	30.4406071698597
00077E90B3_S939_L003	558001	489229	87.68	186494	38.12	301195	41	93091.5	30.9073855807699
00077E90CF_S958_L003	614545	537586	87.48	461302	85.81	71617	9	21146.5	29.5272072273343
00077E90DC_S1091_L003	686581	597087	86.97	583473	97.72	8491	1	1666	19.6207749381698
00077E9133_S934_L003	547239	478276	87.4	107277	22.43	369901	50	133875.5	36.1922514402502
00077E9136_S140_L001	985281	826476	83.88	672255	81.34	142758	19	36039	25.2448199050141
00077E9177_S172_L001	1892865	1592087	84.11	1553717	97.59	20013	2	882.5	4.40963373807025
00077E918B_S1084_L003	620448	534522	86.15	93113	17.42	440269	60	155755.5	35.3773488480906
00077E91A0_S459_L002	1017207	900001	88.48	603450	67.05	289459	39	103674.5	35.8166441534034
00077E91A1_S895_L003	1003592	889188	88.6	524443	58.98	360255	49	100487	27.8932978029451
00077E91B7_S996_L003	819523	687775	83.92	12723	1.85	674910	92	248557	36.8281696818835
00077E91D9_S943_L003	781991	690528	88.3	122361	17.72	567630	78	184643.5	32.5288480171943
00077E91E1_S1021_L003	429760	372909	86.77	147783	39.63	224056	30	69463	31.0025172278359
00077E91E9_S1075_L003	629787	545740	86.65	38038	6.97	507256	69	175146.5	34.528226378791
00077E91F5_S1106_L003	1155371	1014236	87.78	41685	4.11	973054	133	254172	26.1210580296674
00077E91FC_S1098_L003	749470	658812	87.9	379739	57.64	275512	37	95676	34.7266180783414
00077E9216_S971_L003	450768	395252	87.68	325845	82.44	66590	9	21510.5	32.302898333083
00077E9234_S1089_L003	982929	852652	86.75	499057	58.53	349354	48	86219.5	24.679694521889
00077E9235_S962_L003	1195868	1037342	86.74	940454	90.66	85896	11	27031.5	31.4700335289187
00077E9253_S40_L001	393412	325760	82.8	250053	76.76	73181	10	23924.5	32.692228857217
00077E929A_S1046_L003	664779	580782	87.36	229699	39.55	348426	47	114865.5	32.9669714659641
00077E92A4_S865_L003	1421199	1246039	87.68	197123	15.82	1044990	143	335918.5	32.14561861836
00077E92B0_S1050_L003	643593	542761	84.33	380366	70.08	158719	21	54212	34.1559611640698
00077E92DE_S995_L003	842214	735905	87.38	723688	98.34	5757	0	381.5	6.62671530310926
00077E92F2_S1016_L003	562789	499767	88.8	419104	83.86	75891	10	24425.5	32.1849758205848
00077E930F_S1140_L003	520976	452998	86.95	205117	45.28	245550	33	74385.5	30.2934229281205
00077E932B_S894_L003	607790	527587	86.8	409354	77.59	114961	15	38352.5	33.3613138368664
00077E9335_S1069_L003	45828	40409	88.18	35515	87.89	4632	0	1533	33.0958549222798
00077E933C_S1073_L003	890882	766622	86.05	50827	6.63	714946	98	248494.5	34.7571005362643
00077E9349_S309_L001	409370	326208	79.69	122001	37.4	203398	28	69446.5	34.1431577498304
00077E934F_S927_L003	1092692	966925	88.49	798389	82.57	160889	22	47639.5	29.6101660150787
00077E9353_S998_L003	842354	728221	86.45	302867	41.59	424179	58	112574.5	26.5393854952744
00077E9362_S251_L001	799237	648407	81.13	526052	81.13	118075	16	35672	30.211306373068
00077E9375_S1015_L003	755772	665370	88.04	272003	40.88	390440	53	141416.5	36.2197776867124
00077E938E_S1145_L003	1778433	1556056	87.5	631291	40.57	920819	126	286409.5	31.1037782669558
00077E9398_S980_L003	564228	477428	84.62	241148	50.51	233214	32	82862.5	35.5306714005163
00077E93A0_S1148_L003	719125	629413	87.52	208461	33.12	419389	57	101594	24.2242881906774
00077E93B6_S1013_L003	510127	440645	86.38	244866	55.57	194037	26	65978.5	34.0030509645068
00077E93CD_S1017_L003	1246603	1092841	87.67	993720	90.93	91617	12	28426.5	31.0275385572547
00077E93D9_S992_L003	1195838	1060200	88.66	315727	29.78	739479	101	241669	32.6809821509468
00077E93F3_S989_L003	887022	778066	87.72	759625	97.63	12465	1	2637.5	21.1592458884878
00077E940E_S1105_L003	1301205	1130369	86.87	1106518	97.89	9705	1	982.5	10.1236476043277
00077E9424_S990_L003	1021608	899320	88.03	878455	97.68	14208	1	2802	19.7212837837838
00077E9429_S1024_L003	1893204	1646000	86.94	1058213	64.29	573404	78	181471	31.6480178024569
00077E943C_S969_L003	1149167	1014216	88.26	897784	88.52	106545	14	33867.5	31.7870383406073
00077E9448_S1138_L003	593810	520487	87.65	238487	45.82	279495	38	92906.5	33.2408450956189
00077E9497_S363_L001	680913	555725	81.61	217288	39.1	336268	46	101609.5	30.2168211069742
00077E949F_S1125_L003	770617	669263	86.85	93295	13.94	575042	79	198903	34.5892995642057
00077E94A5_S650_L002	863177	765843	88.72	149569	19.53	613811	84	217172	35.3809234438614
00077E94B1_S703_L002	854773	762380	89.19	358776	47.06	398379	54	146231.5	36.706628612452
00077E94B2_S901_L003	446112	381991	85.63	266553	69.78	112750	15	40394	35.8261640798226
00077E94BB_S223_L001	790651	664401	84.03	404354	60.86	256112	35	80668	31.4971574935965
00077E94BD_S1029_L003	560038	489509	87.41	314999	64.35	171753	23	59776	34.8034677705775
00077E94CD_S480_L002	1118791	1019882	91.16	774090	75.9	237627	32	78401.5	32.9935150466908
00077E94CE_S221_L001	631606	507715	80.38	158508	31.22	348139	47	116781	33.5443601549956
00077E94D3_S644_L002	1330881	1181010	88.74	284505	24.09	893447	123	292974.5	32.7914806362325
00077E94DD_S833_L003	1203683	1052646	87.45	247687	23.53	801220	110	278632.5	34.7760290556901
00077E94EB_S522_L002	798543	710881	89.02	651877	91.7	52044	7	16709	32.1055260933057
00077E94EE_S164_L001	1649990	1341555	81.31	1284807	95.77	43692	6	10580	24.2149592602765
00077E94F8_S376_L001	1305606	1080557	82.76	424442	39.28	651920	89	191873.5	29.4320622162228
00077E94FB_S407_L002	1076077	962019	89.4	332377	34.55	625503	86	216653	34.63660446073
00077E94FC_S258_L001	631349	480512	76.11	340731	70.91	137361	18	41349	30.1024308209754
00077E94FD_S264_L001	801341	643897	80.35	372751	57.89	268948	37	84830	31.5414132099885
00077E9500_S224_L001	2218874	1873633	84.44	1290371	68.87	569843	78	155031.5	27.2060023550346
00077E950F_S655_L002	934634	822236	87.97	266733	32.44	552486	76	198033	35.843985186955
00077E9515_S577_L002	601008	537264	89.39	501589	93.36	29863	4	9332	31.2493721327395
00077E9517_S324_L001	363820	288182	79.21	129278	44.86	157840	21	54288.5	34.3946401419159
00077E9518_S313_L001	527595	403408	76.46	149583	37.08	252446	34	86879.5	34.4150828295952
00077E9521_S699_L002	665202	585977	88.09	492572	84.06	88206	12	30709.5	34.8156587987212
00077E9529_S465_L002	822367	737381	89.67	209637	28.43	524966	72	173161.5	32.985279046643
00077E952A_S299_L001	682098	564944	82.82	444271	78.64	116556	16	35797.5	30.7127046226706
00077E9531_S692_L002	1169662	1038992	88.83	832855	80.16	197774	27	69003	34.8898237382062
00077E9536_S32_L001	876058	735953	84.01	387994	52.72	344044	47	110569	32.138040483194
00077E9537_S1134_L003	1161140	1015390	87.45	826324	81.38	180967	24	62535.5	34.5563003199478
00077E9547_S383_L001	745509	612418	82.15	167373	27.33	443808	61	143677	32.3736841156536
00077E9548_S341_L001	1208005	984995	81.54	40778	4.14	943608	129	298847	31.6706725674221
00077E9549_S569_L002	1433035	1284807	89.66	1244335	96.85	26175	3	6048	23.1060171919771
00077E954F_S604_L002	943889	837914	88.77	727644	86.84	101963	14	34182.5	33.5244157194276
00077E9552_S822_L003	523366	447096	85.43	164531	36.8	281383	38	68568	24.3682098776401
00077E9559_S31_L001	512162	427585	83.49	319363	74.69	104909	14	29019.5	27.6615924277231
00077E955E_S957_L003	610487	535480	87.71	200858	37.51	333209	45	109153	32.7581187783043
00077E9563_S775_L003	900909	779999	86.58	4367	0.56	775637	106	255347	32.920941110339
00077E9570_S737_L002	557431	492889	88.42	259653	52.68	230211	31	79350	34.4683790088223
00077E957A_S725_L002	1302668	1167296	89.61	313418	26.85	846916	116	284939	33.6443047480506
00077E957B_S868_L003	859201	753398	87.69	167254	22.2	584459	80	195199	33.3982366598855
00077E957F_S700_L002	1123008	997789	88.85	968653	97.08	20781	2	3871.5	18.6299985563736
00077E9584_S33_L001	508682	412592	81.11	183562	44.49	226390	31	75620	33.4025354476788
00077E9597_S651_L002	709694	630791	88.88	355072	56.29	272628	37	99398.5	36.4593878838564
00077E9598_S1118_L003	900167	766977	85.2	311009	40.55	451792	62	149847	33.1672539575734
00077E95A5_S723_L002	935509	836008	89.36	819622	98.04	8727	1	1344.5	15.4062106107483
00077E95B3_S410_L002	1025885	923103	89.98	449920	48.74	468680	64	129018.5	27.5280575232568
00077E95B6_S335_L001	711108	568602	79.96	238983	42.03	327300	45	105967.5	32.3762603116407
00077E95BC_S1139_L003	627188	533464	85.06	33608	6.3	499162	68	175581	35.1751535573621
00077E95C9_S742_L002	1192863	1026171	86.03	65982	6.43	960608	132	227777	23.71175338952
00077E95CC_S312_L001	2243446	1886027	84.07	640871	33.98	1238902	170	382834.5	30.9011124366576
00077E95DE_S99_L001	501259	411070	82.01	329637	80.19	77922	10	19607.5	25.1629834963168
00077E95E9_S771_L003	1639999	1445797	88.16	1405025	97.18	21953	3	1430	6.51391609347242
00077E95EE_S431_L002	902515	799423	88.58	400111	50.05	395122	54	127369.5	32.235486761051
00077E95F1_S343_L001	1182308	992490	83.95	477387	48.1	510908	70	163716	32.0441253611218
00077E95F2_S9_L001	419009	351227	83.82	318000	90.54	29282	4	6653.5	22.7221501263575
00077E95F4_S978_L003	1090997	948121	86.9	436704	46.06	505736	69	158345	31.309813815904
00077E95FB_S442_L002	1019264	902071	88.5	883127	97.9	10241	1	1824.5	17.8156430036129
00077E9603_S544_L002	1384792	1253391	90.51	937035	74.76	303167	41	101197.5	33.3801172291179
00077E9607_S623_L002	658429	578155	87.81	161131	27.87	414832	57	138859.5	33.4736712693331
00077E9609_S1115_L003	714072	616543	86.34	79719	12.93	536080	73	175087	32.6606103566632
00077E9615_S362_L001	745815	558430	74.88	45121	8.08	513112	70	186254	36.2988977065436
00077E9617_S479_L002	1267513	1132738	89.37	782495	69.08	340778	46	108112.5	31.7251993966747
00077E9619_S1111_L003	852224	741475	87	174765	23.57	564772	77	194874	34.5048975515783
00077E9622_S987_L003	842491	740209	87.86	630436	85.17	103930	14	33324.5	32.0643702492062
00077E9635_S635_L002	735139	620378	84.39	183011	29.5	435176	59	151486	34.8102836553486
00077E9640_S198_L001	887468	733670	82.67	364340	49.66	366100	50	112308	30.6768642447419
00077E9645_S1031_L003	1211134	1039501	85.83	504885	48.57	528475	72	191609	36.2569657978145
00077E9647_S48_L001	710470	578055	81.36	61447	10.63	516228	71	171952.5	33.3094097956717
00077E9649_S470_L002	1093746	981750	89.76	572065	58.27	404018	55	125988	31.1837591394443
00077E9652_S597_L002	856382	755067	88.17	298251	39.5	453852	62	152241.5	33.5443051920009
00077E965A_S143_L001	819638	654468	79.85	302691	46.25	347546	47	104555	30.0837874698601
00077E965C_S960_L003	1271425	1125847	88.55	833239	74.01	283976	39	93628	32.9703918641012
00077E9667_S1092_L003	745043	639488	85.83	609112	95.25	24241	3	7902	32.5976651128254
00077E967C_S417_L002	201907	177614	87.97	14653	8.25	162891	22	53057	32.5720880834423
00077E967D_S1151_L003	1516644	1345139	88.69	985179	73.24	346627	47	115879.5	33.4306040787359
00077E968F_S506_L002	140425	125887	89.65	119126	94.63	5745	0	1509	26.266318537859
00077E9690_S327_L001	657391	530843	80.75	141575	26.67	387880	53	123136	31.74590079406
00077E9692_S256_L001	3663414	3107935	84.84	2576788	82.91	507477	69	143491.5	28.2754686419286
00077E9695_S628_L002	874184	769687	88.05	757602	98.43	4679	0	601.5	12.8553109638812
00077E9697_S317_L001	474749	381044	80.26	146740	38.51	232829	32	74186	31.8628693161075
00077E969B_S670_L002	1125616	1005670	89.34	599882	59.65	398216	54	135778.5	34.0966962653434
00077E969C_S453_L002	824935	725601	87.96	437174	60.25	283891	39	103335	36.3995336238204
00077E96B4_S633_L002	1048215	929328	88.66	610196	65.66	312284	42	108933.5	34.882831012796
00077E96BD_S53_L001	168702	135280	80.19	55951	41.36	78944	10	23030.5	29.1732113903527
00077E96C5_S216_L001	1634507	1372537	83.97	771228	56.19	594007	81	172498	29.0397251210844
00077E96D5_S44_L001	608248	508252	83.56	442128	86.99	62030	8	11315	18.241173625665
00077E96DF_S414_L002	1129515	985215	87.22	307978	31.26	673068	92	244564	36.3357045647691
00077E96EE_S255_L001	908934	758393	83.44	398156	52.5	357421	49	90933	25.441426217262
00077E970C_S959_L003	917178	808253	88.12	633589	78.39	168407	23	48816.5	28.9872154957929
00077E9726_S1_L001	528009	443392	83.97	297959	67.2	142110	19	42065	29.600309619309
00077E972A_S716_L002	1189798	1060259	89.11	1029935	97.14	20196	2	6242	30.907110318875
00077E973B_S548_L002	1121340	994931	88.73	734060	73.78	250657	34	81714.5	32.6001268665946
00077E9743_S1121_L003	1405585	1223507	87.05	383691	31.36	833999	114	281415	33.7428462144439
00077E9745_S514_L002	902153	796825	88.32	707341	88.77	81320	11	28534.5	35.0891539596655
00077E974D_S260_L001	540601	421642	78	249359	59.14	171135	23	44398.5	25.9435533350863
00077E9761_S282_L001	917004	749809	81.77	484151	64.57	259547	35	84704	32.6353223115659
00077E976C_S1047_L003	1143521	1008251	88.17	48194	4.78	959602	132	329437	34.3305870558836
00077E977A_S17_L001	657247	547945	83.37	467013	85.23	74656	10	19827.5	26.5584815687955
00077E9788_S1079_L003	401158	352706	87.92	47474	13.46	304792	41	109995.5	36.0887096774194
00077E978A_S1067_L003	554094	486678	87.83	103954	21.36	381298	52	129436	33.9461523532775
00077E978E_S38_L001	1007935	836442	82.99	819796	98.01	8405	1	354.5	4.21772754312909
00077E9794_S427_L002	1090086	957686	87.85	137140	14.32	817899	112	283779.5	34.6961544151539
00077E9795_S542_L002	965670	851671	88.19	721961	84.77	118084	16	28642.5	24.256038074591
00077E9797_S554_L002	753575	648050	86	546759	84.37	96585	13	19826	20.5269969456955
00077E979C_S323_L001	777626	627446	80.69	386694	61.63	236740	32	72482.5	30.6169215172763
00077E97A1_S1049_L003	1708055	1519376	88.95	80526	5.3	1438628	198	494803	34.3940893684816
00077E97B1_S374_L001	900826	740972	82.25	607597	82	128552	17	41077	31.9536063227332
00077E97B2_S1041_L003	771017	667659	86.59	256981	38.49	406648	55	127014	31.2343845291259
00077E97B9_S263_L001	1103992	921262	83.45	635302	68.96	279998	38	87078.5	31.0996864263316
00077E97BA_S517_L002	1369887	1225609	89.47	1178668	96.17	32470	4	9622	29.6335078534031
00077E97BC_S685_L002	1793200	1621314	90.41	1250033	77.1	356294	49	124437	34.9253706208917
00077E97BD_S904_L003	951103	838097	88.12	425334	50.75	407990	56	133804	32.7959018603397
00077E97CA_S19_L001	676944	561686	82.97	514223	91.55	41520	5	11076	26.6763005780347
00077E97CE_S110_L001	829060	697948	84.19	479699	68.73	213593	29	63094.5	29.5395916532845
00077E97D5_S163_L001	1798862	1499522	83.36	1310432	87.39	174305	23	51080.5	29.3052408135165
00077E97DC_S1066_L003	362544	309561	85.39	194621	62.87	112284	15	36598	32.5941362972463
00077E97E4_S691_L002	1180629	1051474	89.06	32069	3.05	1019090	140	327456	32.1321963712724
00077E97F9_S167_L001	468761	381389	81.36	100000	26.22	280551	38	89454	31.8851117978549
00077E9808_S1072_L003	1464960	1293674	88.31	263133	20.34	1027051	141	322797.5	31.4295492628896
00077E980C_S940_L003	627036	548849	87.53	238804	43.51	307804	42	103170.5	33.5182453769282
00077E980F_S416_L002	662935	597763	90.17	344610	57.65	248587	34	86229.5	34.6878557607598
00077E9818_S364_L001	690507	552784	80.05	259642	46.97	290583	40	100324.5	34.5252475196415
00077E981A_S574_L002	980747	887209	90.46	868932	97.94	8795	1	1574.5	17.9022171688459
00077E981D_S300_L001	388081	295490	76.14	156107	52.83	138025	19	48183	34.9088933164282
00077E9822_S994_L003	620962	540306	87.01	369353	68.36	167541	23	56324	33.6180397634012
00077E9829_S533_L002	988864	884678	89.46	829120	93.72	48536	6	16642	34.2879512114719
00077E983E_S740_L002	1287358	1150769	89.39	337865	29.36	808103	111	251341	31.1025945949959
00077E9842_S405_L002	682808	592881	86.83	48971	8.26	543398	74	195697.5	36.0136584970869
00077E9843_S375_L001	419909	326897	77.85	59004	18.05	267113	36	85956	32.1796393286736
00077E984C_S804_L003	1066552	929328	87.13	844759	90.9	75521	10	25489	33.7508772394433
00077E9850_S1107_L003	543302	466595	85.88	114269	24.49	351903	48	102388	29.0955177989389
00077E9855_S61_L001	679861	573172	84.31	524280	91.47	43935	6	12372.5	28.1609195402299
00077E9866_S412_L002	776115	675533	87.04	29183	4.32	645971	88	233875.5	36.2052630845657
00077E9884_S594_L002	705474	620924	88.02	348400	56.11	268587	36	96373.5	35.8816696266014
00077E9887_S200_L001	1796597	1540978	85.77	1148182	74.51	381512	52	94425	24.7502044496634
00077E988A_S495_L002	943900	847256	89.76	627731	74.09	212864	29	62338	29.2853653036681
00077E988B_S70_L001	377612	287131	76.04	137219	47.79	147384	20	47859	32.4723172121804
00077E9891_S240_L001	2674325	2276536	85.13	1427160	62.69	836890	115	195057.5	23.3074239147319
00077E9892_S529_L002	993783	888004	89.36	23976	2.7	863610	118	301514.5	34.9132710366948
00077E9893_S790_L003	614433	542849	88.35	446601	82.27	92138	12	30498.5	33.1008921400508
00077E9895_S382_L001	671569	555869	82.77	140912	25.35	413680	56	125790	30.407561400116
00077E9896_S21_L001	410657	340217	82.85	306535	90.1	29679	4	6396.5	21.5522760200815
00077E9898_S697_L002	866366	773087	89.23	128873	16.67	642476	88	198813.5	30.9448913266799
00077E989C_S884_L003	734011	637521	86.85	202859	31.82	432057	59	154720	35.8100898724011
00077E98A0_S350_L001	419894	341120	81.24	249870	73.25	89131	12	28862.5	32.382111723194
00077E98A2_S131_L001	464356	346314	74.58	302990	87.49	39547	5	12442.5	31.4625635319999
00077E98A5_S468_L002	1068925	950491	88.92	322881	33.97	622837	85	219317.5	35.212663987528
00077E98A8_S141_L001	804633	670888	83.38	550933	82.12	113859	15	35845.5	31.4823597607567
00077E98AC_S293_L001	763652	620231	81.22	45462	7.33	573799	78	195877.5	34.1369538810629
00077E98B0_S553_L002	1431058	1281362	89.54	94436	7.37	1185451	163	425884	35.9259049931208
00077E98B9_S78_L001	1366783	1145338	83.8	1118995	97.7	15344	2	1779	11.5941084462982
00077E98BE_S194_L001	470366	378409	80.45	43781	11.57	334070	45	106076	31.752626695004
00077E98C2_S50_L001	961478	769107	79.99	8537	1.11	760645	104	240057.5	31.5597289142767
00077E98C3_S627_L002	709611	637067	89.78	626746	98.38	4967	0	763	15.3613851419368
00077E98C5_S954_L003	1010959	889007	87.94	627816	70.62	253837	34	89739	35.3530021234099
00077E98C9_S340_L001	715736	558073	77.97	73274	13.13	484001	66	157966.5	32.6376391784314
00077E98CA_S154_L001	815461	618402	75.83	570661	92.28	42597	5	12696.5	29.8060896307252
00077E98CB_S10_L001	1285257	1077552	83.84	882515	81.9	184583	25	52176.5	28.2672293764865
00077E98CC_S1113_L003	824041	722311	87.65	519269	71.89	197570	27	64609	32.7018272004859
00077E98CD_S13_L001	641857	521136	81.19	466989	89.61	49050	6	15351	31.2966360856269
00077E98D0_S802_L003	889189	772526	86.88	560931	72.61	204629	28	64107.5	31.3286484320404
00077E98D3_S555_L002	1003022	896351	89.37	873583	97.46	13797	1	2678	19.4100166702906
00077E98D4_S1002_L003	693148	610839	88.13	162971	26.68	446577	61	143968.5	32.2382254348074
00077E98D8_S680_L002	342877	308632	90.01	61232	19.84	246733	33	80674	32.6968828652835
00077E98DB_S778_L003	944538	819853	86.8	659981	80.5	152259	20	50482.5	33.1556755265699
00077E98E3_S510_L002	1091702	971756	89.01	453907	46.71	510124	70	183477.5	35.9672354172711
00077E98E4_S229_L001	334155	248576	74.39	3455	1.39	245068	33	90133	36.7787716062481
00077E98E6_S1034_L003	495905	427615	86.23	338842	79.24	86198	11	29350.5	34.0500939696977
00077E98E7_S809_L003	1314882	1174445	89.32	837849	71.34	324999	44	96891.5	29.8128609626491
00077E98E9_S676_L002	790597	700421	88.59	323804	46.23	373424	51	125054	33.4884742276876
00077E98EC_S509_L002	1530069	1352062	88.37	1234432	91.3	100246	13	31577.5	31.5000099754604
00077E98F2_S67_L001	975206	813025	83.37	793675	97.62	11406	1	1347	11.8095739084692
00077E98F7_S534_L002	1345250	1212323	90.12	717331	59.17	484690	66	159955.5	33.0016092760321
00077E98F8_S914_L003	966014	824403	85.34	64550	7.83	759295	104	260021.5	34.2451221198612
00077E98F9_S213_L001	441141	348186	78.93	35932	10.32	312217	42	90686.5	29.0459840431495
00077E98FA_S129_L001	578151	486969	84.23	398243	81.78	84500	11	25076	29.6757396449704
00077E98FB_S242_L001	508413	406283	79.91	335996	82.7	67053	9	21487.5	32.0455460605789
00077E98FF_S63_L001	894303	748490	83.7	733969	98.06	7528	1	434.5	5.77178533475027
00077E9900_S318_L001	364656	273677	75.05	24822	9.07	248359	34	83816.5	33.7481226772535
00077E9902_S175_L001	1419699	1198914	84.45	1169780	97.57	17907	2	2132	11.9059585636902
00077E9905_S637_L002	753875	662930	87.94	41963	6.33	620520	85	210811	33.9732804744408
00077E9906_S573_L002	708758	634690	89.55	613300	96.63	14747	2	3882.5	26.3273886214145
00077E9907_S346_L001	504458	400382	79.37	325310	81.25	72201	9	22427.5	31.0625891608149
00077E9909_S387_L002	716012	638617	89.19	500931	78.44	132653	18	44980	33.9080156498534
00077E990A_S66_L001	875065	729476	83.36	692199	94.89	29681	4	4838	16.2999898925238
00077E990F_S511_L002	1003952	906676	90.31	58027	6.4	847966	116	233054	27.4838849670859
00077E9915_S315_L001	762945	597725	78.34	96950	16.22	499359	68	161829.5	32.4074463462158
00077E9916_S334_L001	445581	345264	77.49	232915	67.46	111280	15	37416.5	33.6237419122933
00077E991A_S649_L002	1036055	916772	88.49	364141	39.72	547434	75	192525.5	35.1687144021014
00077E991F_S320_L001	1539186	1280978	83.22	296930	23.18	980634	135	298091	30.3977834747724
00077E9923_S321_L001	482175	379237	78.65	231448	61.03	145897	20	47665	32.6703085053154
00077E9927_S782_L003	207378	185084	89.25	182455	98.58	934	0	91.5	9.796573875803
00077E992B_S711_L002	1419529	1260618	88.81	357007	28.32	899203	123	337844	37.571493867347
00077E992D_S770_L003	1253931	1097594	87.53	851952	77.62	233877	32	53380	22.8239630232986
00077E992F_S225_L001	544521	400647	73.58	206573	51.56	191172	26	62039.5	32.4521896512042
00077E9930_S39_L001	702339	560820	79.85	8580	1.53	552158	76	175565.5	31.7962431043288
00077E9933_S869_L003	898991	770671	85.73	543477	70.52	221856	30	74772	33.7029424491562
00077E9937_S86_L001	558221	458520	82.14	175154	38.2	281584	38	87167	30.9559492016592
00077E993D_S583_L002	1043098	927793	88.95	320645	34.56	603026	83	221917	36.8005691296893
00077E9940_S595_L002	534240	465748	87.18	34977	7.51	430445	59	147754.5	34.3259882214917
00077E9942_S130_L001	482593	394775	81.8	338756	85.81	52660	7	13649	25.9191036840106
00077E9945_S71_L001	403721	329071	81.51	242624	73.73	83847	11	24241.5	28.9115889656159
00077E9947_S72_L001	1262941	1046753	82.88	74528	7.12	971222	133	306682	31.5769206216498
00077E994C_S621_L002	935219	838619	89.67	281775	33.6	552687	76	194085	35.1166211617064
00077E994F_S371_L001	822577	679235	82.57	420106	61.85	254481	35	80072	31.4648244859145
00077E9952_S751_L002	883237	780160	88.33	18801	2.41	761237	104	270491	35.5330862793059
00077E9958_S385_L002	753009	677492	89.97	447822	66.1	225730	31	81842.5	36.2568112346609
00077E995C_S631_L002	733920	657558	89.6	515722	78.43	136419	18	43951.5	32.2180194840895
00077E995E_S455_L002	285396	247101	86.58	98024	39.67	148044	20	50652.5	34.2144902866715
00077E9960_S277_L001	476176	385104	80.87	27958	7.26	356874	49	117568.5	32.9439802283159
00077E9965_S659_L002	932111	818421	87.8	264513	32.32	549929	75	197232	35.8649934809766
00077E996C_S8_L001	478873	394021	82.28	50277	12.76	342942	47	108695	31.6948638545293
00077E996E_S499_L002	957682	851694	88.93	490320	57.57	352562	48	118234.5	33.5358036317017
00077E996F_S22_L001	752534	626800	83.29	482886	77.04	138857	19	41128	29.6189605133339
00077E9971_S245_L001	798819	639434	80.05	441081	68.98	193823	26	63054	32.5317428788121
00077E9973_S532_L002	738292	634390	85.93	609077	96.01	19403	2	5616.5	28.9465546564964
00077E9978_S114_L001	675064	556615	82.45	486982	87.49	64726	8	19527.5	30.1694836696227
00077E9979_S287_L001	526389	419897	79.77	38462	9.16	380996	52	120306	31.5767094667661
00077E997C_S139_L001	1371396	1135068	82.77	1106918	97.52	16883	2	2386.5	14.1355209382219
00077E9980_S837_L003	1532829	1317068	85.92	220477	16.74	1094225	150	356478.5	32.5781717654047
00077E9987_S748_L002	1105968	979987	88.61	232942	23.77	743537	102	270488	36.3785527821749
00077E9988_S620_L002	819387	713117	87.03	168295	23.6	542218	74	194270	35.8287626010203
00077E998C_S835_L003	631452	545806	86.44	246595	45.18	296489	40	102260	34.4903183591971
00077E998E_S611_L002	41235	36310	88.06	29196	80.41	6867	0	2296	33.4352701325178
00077E998F_S1032_L003	1176846	1042981	88.63	490513	47.03	545375	75	171901	31.519779967912
00077E9998_S550_L002	1151058	1029506	89.44	349311	33.93	675484	92	227875.5	33.7351439856458
00077E999A_S303_L001	295278	229554	77.74	179143	78.04	48716	6	16043	32.9316856884802
00077E999B_S186_L001	1395645	1095845	78.52	992287	90.55	94490	13	30922	32.7251561011747
00077E999C_S1033_L003	1719035	1512835	88	161722	10.69	1350488	185	445028	32.9531250925591
00077E99A5_S111_L001	376451	300412	79.8	250423	83.36	47450	6	15694	33.0748155953635
00077E99A7_S639_L002	781874	692215	88.53	351783	50.82	336370	46	118821.5	35.3246425067634
00077E99A9_S708_L002	784730	688861	87.78	111251	16.15	576259	79	200723.5	34.8321674802476
00077E99AC_S678_L002	1520128	1360612	89.51	860178	63.22	491367	67	149941.5	30.5151750117529
00077E99AE_S88_L001	1232049	1022986	83.03	937157	91.61	68840	9	16804.5	24.4109529343405
00077E99B0_S30_L001	475353	389043	81.84	125816	32.34	261698	36	84875.5	32.432613164793
00077E99B1_S562_L002	1563471	1409314	90.14	533425	37.85	863325	118	279755.5	32.4044247531347
00077E99B3_S1144_L003	1589322	1379271	86.78	659843	47.84	710851	97	229418	32.2737113684865
00077E99B4_S7_L001	387301	308122	79.56	64736	21.01	241876	33	77668.5	32.1108749937985
00077E99BA_S165_L001	951228	774373	81.41	759892	98.13	7578	1	326.5	4.3085246766957
00077E99BF_S918_L003	718151	621204	86.5	506405	81.52	109580	15	37204.5	33.9519072823508
00077E99C1_S64_L001	1553654	1313018	84.51	1257346	95.76	44359	6	10800	24.3468067359499
00077E99C2_S444_L002	1143324	1001726	87.62	83143	8.3	918095	126	325285	35.4304293128707
00077E99C3_S787_L003	105581	86921	82.33	83817	96.43	2204	0	480.5	21.8012704174229
00077E99C4_S394_L002	1062461	943639	88.82	219112	23.22	720914	99	259437	35.9872328738241
00077E99CB_S338_L001	971880	775351	79.78	181974	23.47	591254	81	199148	33.6823091260271
00077E99D5_S704_L002	997773	897524	89.95	401462	44.73	490660	67	179017	36.4849386540578
00077E99D6_S222_L001	532517	415525	78.03	214161	51.54	200384	27	66866	33.3689316512296
00077E99D7_S779_L003	1010768	885702	87.63	87064	9.83	797780	109	245262.5	30.7431246709619
00077E99D8_S811_L003	761966	668202	87.69	639937	95.77	22838	3	7276	31.8591820649794
00077E99D9_S273_L001	321291	246781	76.81	51083	20.7	194794	26	64236.5	32.9766317237697
00077E99E0_S578_L002	623422	549920	88.21	55211	10.04	494157	68	173092.5	35.0278352831185
00077E99E1_S5_L001	1780672	1512896	84.96	1203206	79.53	297181	40	89927.5	30.2601781405945
00077E99E8_S4_L001	1501559	1263761	84.16	972716	76.97	277508	38	73915.5	26.635448347435
00077E99EA_S568_L002	843585	759347	90.01	742793	97.82	6940	0	782	11.2680115273775
00077E99EE_S576_L002	641813	579040	90.22	567517	98.01	6292	0	1142.5	18.1579783852511
00077E99F3_S210_L001	852805	676464	79.32	21240	3.14	655002	90	208127	31.7750174808627
00077E99F8_S117_L001	1050556	862628	82.11	844771	97.93	9282	1	423.5	4.56259426847662
00077E99F9_S772_L003	1147702	1011934	88.17	951420	94.02	52427	7	15940	30.4041810517481
00077E99FA_S953_L003	1245043	1109842	89.14	1043140	93.99	55581	7	17320.5	31.1626275165974
00077E99FD_S986_L003	1432993	1276508	89.08	1174515	92.01	89722	12	28873	32.1805131405898
00077E99FF_S819_L003	763085	672775	88.17	160053	23.79	511854	70	183511.5	35.8523133549801
00077E9A03_S119_L001	961809	768580	79.91	738221	96.05	24240	3	6432	26.5346534653465
00077E9A07_S985_L003	1375265	1213125	88.21	824803	67.99	377690	51	128408.5	33.9983849188488
00077E9A08_S773_L003	891953	782429	87.72	497546	63.59	279244	38	86653.5	31.0314635229405
00077E9A09_S889_L003	1207621	1058256	87.63	402878	38.07	650160	89	227872.5	35.0486803248431
00077E9A0A_S965_L003	1246253	1109047	88.99	966534	87.15	133839	18	43308.5	32.3586548016647
00077E9A0C_S233_L001	618056	495166	80.12	291207	58.81	200661	27	64658.5	32.2227537986953
00077E9A0E_S1136_L003	1982714	1766401	89.09	1084570	61.4	669331	92	196283	29.3252516318533
00077E9A0F_S605_L002	856018	766367	89.53	755101	98.53	4680	0	626.5	13.3867521367521
00077E9A11_S801_L003	893462	780961	87.41	762764	97.67	8081	1	624	7.72181660685559
00077E9A18_S134_L001	516505	413886	80.13	374525	90.49	35920	4	11371	31.6564587973274
00077E9A1E_S701_L002	1005738	889027	88.4	63120	7.1	825115	113	291612.5	35.3420432303376
00077E9A1F_S496_L002	1413220	1277502	90.4	1226401	96	41441	5	13691.5	33.0385367148476
00077E9A21_S812_L003	1185452	1039255	87.67	649118	62.46	381953	52	130643.5	34.2040774650284
00077E9A25_S342_L001	786957	605382	76.93	145775	24.08	457157	62	158083	34.5795864440444
00077E9A26_S1028_L003	754436	656359	87	237995	36.26	415986	57	143041	34.3860129908218
00077E9A29_S126_L001	409635	332704	81.22	319528	96.04	10182	1	2549	25.0343743861717
00077E9A2B_S361_L001	320179	256584	80.14	84108	32.78	172255	23	45701	26.5310150648748
00077E9A2D_S648_L002	766780	655062	85.43	510751	77.97	139008	19	47044	33.8426565377532
00077E9A32_S694_L002	975797	862278	88.37	650674	75.46	204535	28	73006	35.6936465641577
00077E9A36_S439_L002	1492836	1321068	88.49	619580	46.9	694921	95	248901	35.8171648288079
00077E9A37_S1027_L003	730413	637729	87.31	48467	7.6	588665	81	209887	35.6547442093551
00077E9A3E_S20_L001	1102193	920254	83.49	699116	75.97	213873	29	56487.5	26.411702271909
00077E9A3F_S434_L002	513748	448083	87.22	154812	34.55	291943	40	102697	35.1770722367037
00077E9A40_S73_L001	648913	534219	82.33	343716	64.34	186673	25	51125	27.3874636396265
00077E9A47_S769_L003	753566	655477	86.98	518089	79.04	130834	18	33542	25.6370668174939
00077E9A48_S2_L001	1247622	1043983	83.68	924238	88.53	101244	13	24952.5	24.6459049425151
00077E9A4D_S220_L001	430002	342678	79.69	271538	79.24	69123	9	22443.5	32.4689321933365
00077E9A5E_S752_L002	682758	610774	89.46	302394	49.51	305062	41	105069	34.4418511646813
00077E9A63_S41_L001	534147	448828	84.03	336665	75.01	108473	14	32479	29.9420132198796
00077E9A66_S732_L002	1052223	924803	87.89	486538	52.61	431494	59	147782.5	34.2490277964468
00077E9A6A_S926_L003	645413	562977	87.23	336097	59.7	223331	30	69791	31.250027985367
00077E9A6C_S137_L001	1255792	986064	78.52	844169	85.61	133978	18	43682	32.6038603352789
00077E9A71_S1132_L003	442476	383199	86.6	208268	54.35	173344	23	58584	33.7963817611224
00077E9A73_S536_L002	395947	352681	89.07	105451	29.9	245626	33	86419.5	35.1833682102058
00077E9A74_S23_L001	685770	559300	81.56	441679	78.97	111590	15	34134.5	30.5892105027332
00077E9A75_S683_L002	1045375	931098	89.07	147020	15.79	781862	107	284242	36.354497340963
00077E9A7F_S388_L002	989387	880820	89.03	418301	47.49	458587	63	152509	33.2562850669557
00077E9A80_S241_L001	637628	526459	82.57	322824	61.32	199945	27	58776.5	29.3963339918478
00077E9A81_S913_L003	1247085	1097858	88.03	511821	46.62	578997	79	196181	33.8829044019226
00077E9A83_S185_L001	870346	701259	80.57	29733	4.24	671065	92	231395.5	34.4818311191911
00077E9A84_S467_L002	1056166	930674	88.12	304888	32.76	621407	85	220809	35.5337162278507
00077E9A8A_S302_L001	476591	381138	79.97	19438	5.1	361559	49	121814.5	33.6914583788538
00077E9A8B_S840_L003	485656	428562	88.24	419647	97.92	4599	0	643	13.9813002826701
00077E9A8C_S832_L003	1274904	1132140	88.8	868124	76.68	254345	35	78168	30.733059427156
00077E9A8D_S80_L001	1632523	1373010	84.1	918269	66.88	442081	60	116237	26.2931453738116
00077E9A8F_S419_L002	401112	346756	86.45	14979	4.32	331701	45	113565	34.2371593694321
00077E9A92_S301_L001	359605	287239	79.88	101452	35.32	185570	25	46685.5	25.1578919006305
00077E9A93_S539_L002	1341831	1202278	89.6	1171379	97.43	18727	2	4169.5	22.264644630747
00077E9A94_S380_L001	616472	506391	82.14	351435	69.4	152233	20	45528	29.9067876216064
00077E9A95_S984_L003	1370208	1207045	88.09	812099	67.28	382787	52	125520.5	32.7912128677306
00077E9A97_S531_L002	1075250	964572	89.71	871490	90.35	82337	11	26248.5	31.8793495026537
00077E9A99_S156_L001	896485	728805	81.3	695571	95.44	24858	3	4935	19.8527636978035
00077E9A9B_S398_L002	1235505	1111928	90	322459	29	785848	108	239929.5	30.5312859484277
00077E9A9C_S1026_L003	700330	608384	86.87	404575	66.5	199664	27	65697.5	32.9040287683308
00077E9A9D_S776_L003	663237	577376	87.05	240015	41.57	334066	45	114569	34.2953188890818
00077E9A9E_S493_L002	1031007	904108	87.69	254958	28.2	643412	88	200546.5	31.1692197223552
00077E9A9F_S695_L002	204906	176021	85.9	158770	90.2	15642	2	5239	33.4931594425265
00077E9AA0_S249_L001	926736	760861	82.1	420299	55.24	335946	46	107018	31.8557149065624
00077E9AA1_S662_L002	1409253	1266479	89.87	681365	53.8	576235	79	197521	34.2778553888604
00077E9AA3_S395_L002	1255423	1125108	89.62	550627	48.94	566393	77	185716.5	32.7893353201752
00077E9AA5_S669_L002	1258731	1122045	89.14	455886	40.63	658911	90	219680	33.3398592526153
00077E9AA6_S400_L002	616888	528829	85.73	35008	6.62	493385	67	172075.5	34.8765163107918
00077E9AA7_S626_L002	935483	784282	83.84	138661	17.68	643338	88	223290.5	34.7081161069298
00077E9AAC_S1085_L003	493250	425745	86.31	2767	0.65	423181	58	115563	27.3081730985087
00077E9AAF_S345_L001	509704	399730	78.42	147140	36.81	250574	34	85807.5	34.2443749151947
00077E9AB0_S803_L003	680547	590237	86.73	563381	95.45	21357	2	6011	28.1453387648078
00077E9AB1_S109_L001	751115	604269	80.45	521544	86.31	77434	10	23303.5	30.0946612599117
00077E9AB5_S601_L002	571913	481566	84.2	466926	96.96	10313	1	2355.5	22.8401047221953
00077E9AB6_S16_L001	1310972	1111437	84.78	827687	74.47	273389	37	77429.5	28.3220978166642
00077E9AB7_S814_L003	776277	679358	87.51	602726	88.72	71344	9	20540	28.7900874635569
00077E9AB8_S193_L001	605949	500789	82.65	477151	95.28	18892	2	4513	23.8884183781495
00077E9ABC_S898_L003	870304	748056	85.95	484141	64.72	258686	35	86373	33.3891281321757
00077E9ABD_S717_L002	659093	577899	87.68	247629	42.85	327613	45	115550.5	35.2704257767549
00077E9ABF_S675_L002	669150	593887	88.75	149600	25.19	442949	60	159704.5	36.054827982454
00077E9AC2_S1131_L003	727272	639749	87.97	23414	3.66	616025	84	222666	36.1456109735806
00077E9AC3_S545_L002	893421	801056	89.66	532061	66.42	261883	36	62624	23.9129687684959
00077E9AC4_S1119_L003	1184451	1027050	86.71	310477	30.23	713054	98	251946	35.3333688612644
00077E9AC5_S152_L001	1263331	1066566	84.42	1023263	95.94	34272	4	8661	25.2713585434174
00077E9AC7_S608_L002	1477609	1324462	89.64	10198	0.77	1314099	180	457979	34.8511794012475
00077E9AC8_S333_L001	752004	602625	80.14	229841	38.14	370986	51	127682.5	34.4170669513135
00077E9ACB_S575_L002	1036495	933355	90.05	475451	50.94	447335	61	149423	33.402930689528
00077E9ACE_S530_L002	793126	700442	88.31	680269	97.12	14533	2	4400.5	30.279364205601
00077E9AD1_S735_L002	1325979	1186114	89.45	511926	43.16	665666	91	227045.5	34.1080211397307
00077E9AD2_S521_L002	1070185	961759	89.87	867891	90.24	82504	11	25417	30.8069911761854
00077E9AD4_S690_L002	313716	274390	87.46	140954	51.37	132210	18	42554.5	32.1870509038651
00077E9ADA_S625_L002	97061	86332	88.95	82326	95.36	3322	0	904.5	27.2275737507526
00077E9ADC_S147_L001	871690	715857	82.12	673979	94.15	35222	4	10124	28.7433990119811
00077E9ADF_S11_L001	754163	630125	83.55	540584	85.79	82107	11	19418.5	23.6502368860146
00077E9AE1_S920_L003	244181	215135	88.1	55892	25.98	158677	21	56332.5	35.5013644069399
00077E9AE6_S834_L003	1544975	1361083	88.1	128894	9.47	1229816	169	421392	34.2646379621016
00077E9AE7_S788_L003	781253	686204	87.83	644825	93.97	35805	4	11429.5	31.9215193408742
00077E9AED_S27_L001	920978	750798	81.52	74028	9.86	675567	93	222613.5	32.9520980154448
00077E9AF0_S207_L001	943517	778520	82.51	270847	34.79	504076	69	160142.5	31.7695149144177
00077E9AF1_S12_L001	1134848	956482	84.28	773124	80.83	170824	23	50710.5	29.6858169812204
00077E9AF3_S34_L001	823986	661121	80.23	575373	87.03	79923	11	25650.5	32.094015489909
00077E9AF8_S6_L001	781508	654979	83.81	580573	88.64	66532	9	13249.5	19.9144772440329
00077E9AFF_S687_L002	578831	517335	89.38	298709	57.74	214528	29	72393.5	33.7454784457041
00077E9B05_S1010_L003	493646	421060	85.3	311415	73.96	107044	14	37263	34.8109188744815
00077E9B0D_S871_L003	1560986	1390019	89.05	1133699	81.56	245528	33	80486	32.7807826398618
00077E9B0F_S82_L001	495863	411973	83.08	341031	82.78	67872	9	15561	22.9269801980198
00077E9B10_S540_L002	635999	553044	86.96	436683	78.96	111677	15	30366	27.1909166614433
00077E9B11_S780_L003	1063634	938952	88.28	925994	98.62	5320	0	354.5	6.66353383458647
00077E9B14_S792_L003	2343683	2084367	88.94	2017875	96.81	44644	6	8145.5	18.2454529164053
00077E9B16_S617_L002	524665	462496	88.15	107854	23.32	353134	48	124010.5	35.1171226786432
00077E9B17_S128_L001	1401654	1171870	83.61	431599	36.83	734948	101	227991	31.0213783832326
00077E9B1B_S535_L002	1058105	940930	88.93	874406	92.93	55823	7	17298	30.9872274868782
00077E9B21_S903_L003	1424036	1257625	88.31	252153	20.05	1003998	138	368245.5	36.6779117089875
00077E9B24_S572_L002	896159	806164	89.96	747233	92.69	50776	6	16879.5	33.2430675909879
00077E9B27_S433_L002	661907	586597	88.62	260097	44.34	322365	44	110050.5	34.1384765715881
00077E9B28_S563_L002	1182663	1064068	89.97	981177	92.21	69681	9	18920.5	27.1530259324637
00077E9B29_S739_L002	68727	60389	87.87	23636	39.14	36551	5	13062	35.7363683620147
00077E9B2A_S435_L002	366257	313889	85.7	35877	11.43	277516	38	93704	33.7652603813834
00077E9B2B_S393_L002	835284	748141	89.57	530207	70.87	211143	29	73071.5	34.6075882222001
00077E9B2F_S401_L002	894415	791440	88.49	40600	5.13	750661	103	276900.5	36.8875564335965
00077E9B31_S667_L002	1009846	899814	89.1	233051	25.9	661733	91	235890.5	35.6473834613054
00077E9B33_S808_L003	1451782	1280350	88.19	1220685	95.34	45307	6	10972	24.2170084092966
00077E9B34_S718_L002	1617747	1434913	88.7	69736	4.86	1364448	187	468428	34.3309528835104
00077E9B37_S1003_L003	517907	436062	84.2	262422	60.18	170786	23	58003.5	33.9626784396848
00077E9B38_S230_L001	726874	597998	82.27	391509	65.47	203321	27	63535.5	31.2488626359304
00077E9B3A_S696_L002	1054695	936014	88.75	850930	90.91	76862	10	26048	33.8893081106398
00077E9B3E_S428_L002	899020	792071	88.1	375916	47.46	411701	56	127896	31.065263382892
00077E9B40_S806_L003	644287	560404	86.98	546674	97.55	9129	1	1871.5	20.5006024756271
00077E9B41_S599_L002	1008598	909002	90.13	654481	72	247714	34	90037	36.347158416561
00077E9B46_S613_L002	569868	501953	88.08	444128	88.48	53980	7	8060	14.9314560948499
00077E9B47_S332_L001	375435	302957	80.69	132058	43.59	169950	23	58136.5	34.2080023536334
00077E9B4A_S353_L001	475369	367799	77.37	283756	77.15	81149	11	23337	28.7582102059175
00077E9B4E_S169_L001	625609	521227	83.32	426415	81.81	90345	12	26596.5	29.4388178648514
00077E9B50_S679_L002	1435657	1284464	89.47	165824	12.91	1116193	153	385982	34.5802204457473
00077E9B55_S148_L001	656343	520195	79.26	493300	94.83	22506	3	6375	28.3257797920555
00077E9B5B_S170_L001	1154483	971552	84.15	937159	96.46	24196	3	4537	18.7510332286328
00077E9B5D_S81_L001	521989	427200	81.84	337957	79.11	81448	11	26063.5	32.0001718888125
00077E9B62_S65_L001	837153	697545	83.32	555594	79.65	135549	18	42229	31.154047613778
00077E9B66_S733_L002	1024562	914475	89.26	375026	41.01	534674	73	187980	35.1578718995126
00077E9B68_S107_L001	772659	630352	81.58	560635	88.94	63837	8	19413	30.4102636402087
00077E9B6B_S686_L002	1422919	1269394	89.21	75655	5.96	1192746	164	428587.5	35.9328390118265
00077E9B6D_S253_L001	831859	670739	80.63	387418	57.76	280353	38	77044	27.481068510057
00077E9B73_S420_L002	817335	717451	87.78	344376	48	368496	50	130072.5	35.2982121922626
00077E9B76_S783_L003	1098086	966203	87.99	927361	95.98	27997	3	5694	20.3378933457156
00077E9B7A_S674_L002	1188299	1057829	89.02	43053	4.07	1014414	139	380873.5	37.5461596547366
00077E9B7B_S18_L001	490269	404396	82.48	179470	44.38	222679	30	66397	29.8173604156656
00077E9B7D_S912_L003	1639912	1452251	88.56	1159331	79.83	282237	38	95871.5	33.968437873135
00077E9B7E_S162_L001	1223766	1021573	83.48	997157	97.61	13880	1	1193	8.59510086455331
00077E9B80_S784_L003	1028529	911410	88.61	886163	97.23	14636	2	2169.5	14.8230390817163
00077E9B81_S1035_L003	718582	631180	87.84	60719	9.62	569845	78	201873.5	35.4260369047724
00077E9B82_S195_L001	657211	531732	80.91	144684	27.21	385947	53	127126.5	32.9388491165885
00077E9B86_S1104_L003	1232361	1100892	89.33	700387	63.62	390620	53	125351	32.0902667554145
00077E9B89_S1135_L003	853633	745063	87.28	545907	73.27	194497	26	61601.5	31.6722108824301
00077E9B8A_S777_L003	1390618	1220600	87.77	1177634	96.48	27746	3	6375	22.9762848698912
00077E9B8B_S547_L002	869272	770731	88.66	757320	98.26	6279	0	1093.5	17.41519350215
00077E9B8C_S728_L002	503911	445384	88.39	118694	26.65	324904	44	116497.5	35.8559759190407
00077E9B8E_S438_L002	1092223	935250	85.63	617732	66.05	310436	42	110034.5	35.4451481142651
00077E9B8F_S116_L001	824116	655441	79.53	605299	92.35	45485	6	14866.5	32.6844014510278
00077E9B97_S909_L003	766271	647642	84.52	514292	79.41	129093	17	45653	35.3644271958975
00077E9B9A_S1095_L003	1385480	1218119	87.92	879360	72.19	329890	45	111322	33.7451877898693
00077E9B9F_S560_L002	1381517	1234066	89.33	1186554	96.15	32849	4	8272.5	25.1834150202441
00077E9BA0_S658_L002	804254	716923	89.14	290282	40.49	422793	58	143504	33.9419053768629
00077E9BA1_S1030_L003	983892	860115	87.42	674158	78.38	179257	24	55956	31.215517385653
00077E9BA4_S339_L001	872528	709910	81.36	502971	70.85	202407	27	59465	29.3789246419343
00077E9BAB_S196_L001	714390	575093	80.5	303936	52.85	267600	36	85974	32.127802690583
00077E9BB1_S132_L001	792946	611058	77.06	27497	4.5	583183	80	200978.5	34.4623385798283
00077E9BB5_S525_L002	1221661	1087239	89	1052447	96.8	24386	3	7168	29.3939145411302
00077E9BB8_S214_L001	500438	412220	82.37	247991	60.16	161918	22	48320.5	29.8425746365444
00077E9BBB_S664_L002	1379833	1243998	90.16	449332	36.12	788388	108	270186.5	34.270752472133
00077E9BBF_S377_L001	739758	601745	81.34	413158	68.66	185021	25	59440	32.1260829851747
00077E9BC4_S1004_L003	740113	629454	85.05	348213	55.32	276841	38	99581.5	35.97064741133
00077E9BCA_S566_L002	1130498	1012467	89.56	677036	66.87	326348	44	90241.5	27.6519237133367
00077E9BCC_S316_L001	461854	364873	79	34735	9.52	329787	45	104100.5	31.5659804661797
00077E9BCE_S734_L002	1000878	891392	89.06	874366	98.09	8354	1	1329	15.9085468039263
00077E9BCF_S397_L002	847123	739691	87.32	598114	80.86	136022	18	49727	36.5580567849318
00077E9BD1_S824_L003	285953	253671	88.71	220161	86.79	31087	4	9752	31.3700260559076
00077E9BD8_S729_L002	898868	779255	86.69	594649	76.31	178589	24	62700	35.1085453191406
00077E9BDA_S652_L002	805421	715962	88.89	478191	66.79	232882	32	80242.5	34.4562911689182
00077E9BDD_S630_L002	1237820	1095515	88.5	740677	67.61	348943	48	129750.5	37.1838667060236
00077E9BDE_S1080_L003	991331	878836	88.65	509549	57.98	362884	49	104712	28.8555020337077
00077E9BDF_S731_L002	898349	791679	88.13	226261	28.58	562810	77	185568.5	32.9717844387982
00077E9BEA_S524_L002	817222	725866	88.82	426518	58.76	292644	40	91708.5	31.3379054414237
00077E9BF0_S146_L001	527147	433415	82.22	337370	77.84	92433	12	27165.5	29.389395562191
00077E9BF1_S567_L002	1698566	1529027	90.02	1430710	93.57	80418	11	21866	27.1904300032331
00077E9BFD_S331_L001	375136	289296	77.12	120347	41.6	168738	23	56123.5	33.2607355782337
00077E9BFF_S384_L001	5506276	4528319	82.24	96453	2.13	4431012	610	1439397	32.4846107390366
00077E9C00_S113_L001	1268463	1059789	83.55	947133	89.37	102230	14	29599.5	28.9538295999217
00077E9C02_S504_L002	855831	756663	88.41	91707	12.12	663549	91	233755	35.227993712597
00077E9C05_S1039_L003	754873	664721	88.06	139923	21.05	523166	72	178443.5	34.1083900712202
00077E9C06_S403_L002	939187	827481	88.11	44601	5.39	782392	107	277660	35.4886041779568
00077E9C07_S526_L002	725565	644711	88.86	519121	80.52	117983	16	36538.5	30.9692921861624
00077E9C10_S206_L001	472320	387017	81.94	165140	42.67	220265	30	66317.5	30.1080516650398
00077E9C11_S106_L001	972064	817104	84.06	758599	92.84	50782	6	14082.5	27.731282737978
00077E9C13_S390_L002	1185692	1063998	89.74	958449	90.08	98035	13	34778.5	35.4755954506044
00077E9C19_S815_L003	1590248	1367381	85.99	5743	0.42	1361606	187	443847.5	32.5973519505643
00077E9C1B_S908_L003	972850	845485	86.91	424348	50.19	418589	57	135206	32.3004187878802
00077E9C21_S882_L003	1225368	1062889	86.74	667919	62.84	385664	53	121436	31.487512446067
00077E9C25_S108_L001	700085	575474	82.2	376935	65.5	195180	26	63605	32.5878676093862
00077E9C27_S75_L001	830697	649615	78.2	556655	85.69	88206	12	28609.5	32.4348683763009
00077E9C28_S155_L001	1662149	1403493	84.44	1374861	97.96	14987	2	639	4.26369520250884
00077E9C29_S721_L002	1352460	1219667	90.18	1085991	89.04	122715	16	37844	30.8389357454264
00077E9C2A_S924_L003	27794	24238	87.21	13772	56.82	10358	1	3733	36.0397760185364
00077E9C2F_S406_L002	1201292	1072795	89.3	110819	10.33	960762	132	264913	27.5732179249387
00077E9C30_S310_L001	655715	534846	81.57	263037	49.18	268922	37	81167	30.1823577096705
00077E9C31_S1007_L003	1516915	1333392	87.9	702564	52.69	622734	85	208325.5	33.4533685329531
00077E9C32_S603_L002	1196887	1060087	88.57	129754	12.24	929506	127	327185.5	35.1999341585746
00077E9C33_S543_L002	1134006	1012788	89.31	911914	90.04	88200	12	28657	32.4909297052154
00077E9C41_S730_L002	1262760	1120347	88.72	825807	73.71	283659	39	94945.5	33.4717037005701
00077E9C43_S910_L003	761031	661575	86.93	178228	26.94	482233	66	167935	34.8244520802185
00077E9C45_S661_L002	1316562	1185870	90.07	442685	37.33	736765	101	278596.5	37.8134819107857
00077E9C49_S373_L001	591011	477002	80.71	390807	81.93	82790	11	26111.5	31.5394371300882
00077E9C4A_S565_L002	654725	580382	88.65	515205	88.77	60291	8	19107	31.6912972085386
00077E9C4C_S354_L001	868110	650413	74.92	19902	3.06	630123	86	229328.5	36.3942436635387
00077E9C54_S381_L001	552634	437344	79.14	119219	27.26	316708	43	105940.5	33.4505285625876
00077E9C56_S329_L001	561141	448386	79.91	108599	24.22	338305	46	115362	34.0999985220437
00077E9C57_S239_L001	621989	494212	79.46	242163	49	250776	34	73091	29.1459310300826
00077E9C5B_S657_L002	854835	766551	89.67	423596	55.26	338235	46	119456.5	35.317604624004
00077E9C5E_S541_L002	936055	814920	87.06	788435	96.75	16804	2	3814	22.6969769102595
00077E9C60_S336_L001	1897872	1612874	84.98	900467	55.83	703891	96	215709	30.645227741227
00077E9C63_S62_L001	313462	246267	78.56	175145	71.12	70049	9	17435	24.8897200531057
00077E9C66_S57_L001	420455	341812	81.3	109892	32.15	230525	31	70141.5	30.4268517514369
00077E9C68_S836_L003	1055848	907468	85.95	885961	97.63	13969	1	3761.5	26.9274822821963
00077E9C74_S1150_L003	1019822	892650	87.53	68019	7.62	823607	113	279708	33.9613432134501
00077E9C7A_S932_L003	916139	803972	87.76	521054	64.81	278552	38	94456.5	33.9098265314914
00077E9CBA_S902_L003	483905	418354	86.45	263186	62.91	152762	21	53117	34.77108181354
00077E9CC9_S1117_L003	692627	601757	86.88	157720	26.21	442460	60	144196	32.5896126203499
00077E9D0C_S970_L003	1145789	986353	86.09	270753	27.45	712153	98	246021.5	34.5461579183125
00077E9D1D_S1068_L003	569739	485575	85.23	242156	49.87	241154	33	82592.5	34.2488617232142
00077E9D48_S1137_L003	833014	720759	86.52	122529	17	596563	82	206303	34.5819301565803
00077E9D70_S930_L003	1391972	1174449	84.37	360790	30.72	805771	110	265315.5	32.926910995804
00077E9D73_S367_L001	776465	645141	83.09	533725	82.73	106726	14	34208	32.0521709798924
00077E9D79_S1099_L003	607340	522859	86.09	402496	76.98	116819	16	39224	33.5767298127873
00077E9DA4_S900_L003	380646	329144	86.47	146699	44.57	180952	24	61755	34.1278350059684
00077E9DAA_S1070_L003	619026	537117	86.77	353208	65.76	180397	24	58208	32.2666119724829
00077E9DFC_S974_L003	587180	515487	87.79	453525	87.98	57997	7	19551	33.7103643291894
00077E9E08_S168_L001	2467785	2093838	84.85	2039816	97.42	32804	4	4083.5	12.4481770515791
00077E9E1C_S1023_L003	1228680	1090032	88.72	1070738	98.23	8051	1	727.5	9.03614457831325
00077E9E43_S1051_L003	552894	470144	85.03	258203	54.92	209801	28	75674.5	36.0696564840015
00077E9E4F_S609_L002	586600	516523	88.05	407794	78.95	104585	14	36517	34.9160969546302
00077E9E8F_S478_L002	1127065	1010110	89.62	816875	80.87	185613	25	68138.5	36.7099825982016
00077E9E97_S993_L003	1061241	920332	86.72	88627	9.63	830672	114	288049	34.6766232640561
00077E9EB4_S490_L002	1418936	1282543	90.39	824546	64.29	446690	61	150606	33.7159999104524
00077E9EB8_S921_L003	1781888	1570169	88.12	1406086	89.55	149497	20	50297.5	33.6444878492545
00077E9ED8_S976_L003	1786478	1588940	88.94	1010883	63.62	562985	77	163835.5	29.1012193930567
00077E9F03_S979_L003	345773	303380	87.74	106091	34.97	196308	27	63171.5	32.1797889031522
00077E9F59_S1120_L003	1537334	1370440	89.14	759360	55.41	600304	82	190038	31.6569604733602
00077E9F65_S492_L002	1183338	1052939	88.98	904790	85.93	138220	19	42126	30.4774996382579
00077E9F8B_S355_L001	507542	388582	76.56	5090	1.31	383621	52	115328.5	30.0631352298232
00077E9FAB_S1146_L003	650934	570168	87.59	243974	42.79	323509	44	104495.5	32.3006469680905
00077E9FC4_S52_L001	1098749	916290	83.39	893932	97.56	12800	1	1093	8.5390625
00077EA03E_S153_L001	935289	757279	80.97	737286	97.36	14152	1	3174.5	22.4314584511023
00077EA12B_S963_L003	664972	577384	86.83	500534	86.69	72100	9	23386	32.4355062413315
00077EA148_S458_L002	482087	428993	88.99	2831	0.66	426308	58	136177	31.9433367424491
00077EA168_S84_L001	828870	663430	80.04	560532	84.49	97046	13	27720	28.5637738804278
00077EA19C_S280_L001	1448349	1186327	81.91	446296	37.62	737265	101	203420	27.5911646422928
00077EA1C3_S349_L001	561076	460043	81.99	336797	73.21	120530	16	38319.5	31.7924997925828
00077EA202_S77_L001	593558	490158	82.58	30585	6.24	459425	63	131699.5	28.6661587854383
00077EA20E_S929_L003	1656564	1446666	87.33	687021	47.49	750849	103	262609.5	34.975008290615
00077EA28B_S236_L001	547067	439537	80.34	206054	46.88	231829	31	76626	33.0528104766876
00077EA297_S638_L002	1273726	1139881	89.49	730093	64.05	401065	55	139784.5	34.8533280141623
00077EA2B8_S693_L002	445929	397834	89.21	21204	5.33	376730	51	93658.5	24.860908342845
00077EA2D8_S647_L002	1168339	1049913	89.86	974634	92.83	67326	9	23425.5	34.7941359950094
00077EA316_S720_L002	859810	776703	90.33	4349	0.56	772587	106	256111.5	33.1498588508479
00077EA320_S744_L002	1393575	1260516	90.45	790847	62.74	461037	63	170293.5	36.9370571125528
00077EA321_S144_L001	1054398	894946	84.88	787373	87.98	99763	13	19125.5	19.1709351162255
00077EA32C_S828_L003	506270	437629	86.44	413384	94.46	20692	2	6365.5	30.7630968490238
00077EA348_S279_L001	1636319	1373033	83.91	889450	64.78	476300	65	149646	31.4184337602351
00077EA3A8_S25_L001	609101	500834	82.23	445642	88.98	50582	6	13695.5	27.0758372543593
00077EA41C_S516_L002	1030560	922809	89.54	75670	8.2	845818	116	261616	30.9305311544564
00077EA423_S1025_L003	1579290	1367619	86.6	750412	54.87	609596	83	203084	33.3145230611749
00077EA605_S781_L003	1016899	891189	87.64	870246	97.65	11083	1	945.5	8.53108364161328
00077EA664_S1088_L003	758919	673022	88.68	483027	71.77	184214	25	47825.5	25.961924717991
00077EA67E_S911_L003	1404318	1236563	88.05	103005	8.33	1132947	155	396274.5	34.9773202100363
00077EA69E_S600_L002	1254280	1119207	89.23	944946	84.43	164867	22	60243.5	36.5406661126848
00077EA896_S97_L001	706675	580984	82.21	559836	96.36	15335	2	2563.5	16.7166612324747
00077EA8AE_S513_L002	550741	486268	88.29	385707	79.32	96480	13	34318	35.5700663349917
00077EA8B9_S580_L002	608093	543165	89.32	409003	75.3	129641	17	47096	36.3280135142432
00077EA8CA_S370_L001	630515	515609	81.78	371444	72.04	140518	19	46924.5	33.3939424130716
00077EA8D3_S218_L001	854784	703560	82.31	443453	63.03	254651	35	79853.5	31.3580154800099
00077EA930_S607_L002	1130387	1013131	89.63	851131	84.01	152788	21	48564.5	31.7855459852868
00077EA95E_S636_L002	724635	635190	87.66	609083	95.89	20838	2	6217.5	29.8373164411172
00077EA9D2_S606_L002	1279590	1138152	88.95	821404	72.17	308467	42	110834	35.9305857676834
00077EAA15_S3_L001	697117	585177	83.94	523089	89.39	54197	7	12258.5	22.6184106131336
00077EAA4F_S311_L001	236209	185008	78.32	76482	41.34	107965	14	34633.5	32.0784513499745
00077EAA6B_S352_L001	1475211	1221447	82.8	613899	50.26	603188	83	160140	26.5489366499334
00077EAAA4_S818_L003	1065820	912001	85.57	815967	89.47	86958	11	26877	30.9080245635824
00077EAAAF_S489_L002	1134107	1014687	89.47	946702	93.3	59674	8	20219	33.8824278580286
00077EAB48_S217_L001	932854	765098	82.02	205046	26.8	556309	76	108743.5	19.5473199247181
00077EAB4B_S941_L003	627431	545207	86.9	405524	74.38	136243	18	46926.5	34.4432374507314
00077EAB68_S646_L002	682866	606559	88.83	433265	71.43	169043	23	61990	36.6711428453116
00077EAB72_S537_L002	559307	504636	90.23	385996	76.49	114747	15	29512	25.7191909156666
00077EAC63_S297_L001	435628	322218	73.97	131916	40.94	188680	25	63178.5	33.4844710621158
00077EAC98_S274_L001	754827	610707	80.91	478794	78.4	127825	17	35037.5	27.410522198318
00077EAC9E_S145_L001	637005	531813	83.49	457252	85.98	70090	9	15222.5	21.7185047795691
00077EACCC_S785_L003	1499209	1317356	87.87	548415	41.63	759170	104	272045	35.8345298154564
00077EACF1_S1057_L003	1132189	984902	86.99	868782	88.21	106811	14	28094.5	26.3030024997425
00077EAD05_S491_L002	1023707	915067	89.39	690143	75.42	217616	29	72422	33.2797220792589
00077EAE24_S1123_L003	1090622	971350	89.06	951923	98	12612	1	3078.5	24.4092927370758
00077EAE30_S430_L002	942155	834014	88.52	382979	45.92	446313	61	165466.5	37.0740937413878
00077EAF27_S579_L002	559777	481179	85.96	423052	87.92	54543	7	18243	33.4470051152302
00077EAF2D_S933_L003	565745	498608	88.13	350421	70.28	145529	20	44446	30.5409918298071
00077EE7BC3_S85_L001	465167	383767	82.5	362160	94.37	17998	2	4653	25.8528725413935
00077EE9A45_S528_L002	809722	726379	89.71	543113	74.77	175705	24	58318	33.1908596795766
